127

266392

7428.000000

98311

2	1	1	1	1	2	2	2	2	2	2	2	2	2	2	2	2	2	2	2	2	2	2	2	2	2	2	2	2	2	2	1	2	2	2	2	2	2	2	2	2	2	2	2	2	1	2	2	0	0	0	0	0	0	0	0	0	0	1	0	0	0	1	0	1	0	0	0	1	1	1	0	0	0	1	0	0	0	0	0	1	1	1	1	1	1	1	1	1	0	0	1	1	0	0	1	1	1	1	0	1	1	0	1	0	0	1	0	1	1	1	1	1	0	0	0	1	0	1	0	0	0	0	0	1	1	1	

0	1894	1920	1728	2246	0	0	0	0	0	0	0	0	0	0	0	0	0	0	0	0	0	0	0	0	0	0	0	0	0	0	3169	0	0	0	0	0	0	0	0	0	0	0	0	0	4118	0	0	3602	1990	2030	2436	3441	2495	3222	2427	2274	2449	2551	2283	2346	2401	8963	2506	5597	3234	2099	2499	3488	3119	2881	1818	2116	2076	3109	2437	1947	2399	1957	2037	3463	5458	5521	3280	6159	6346	6269	6508	5560	2155	2389	5931	4597	4494	3922	5238	5312	1623	7632	2241	1265	1192	2802	6211	1708	1700	1269	1703	4947	4403	7084	6484	3439	1727	1951	2165	2866	3642	7838	1819	2224	2918	4177	2600	4316	4423	6832	

1944100.000000	656.000000	1556.000000	1353.000000	1661.000000	991.000000	418.000000	1874.000000	1397.000000	1233.000000	1276.000000	1044.000000	844.000000	883.000000	836.000000	259.000000	1476.000000	2133.000000	1612.000000	1148.000000	1561.000000	1416.000000	1402.000000	1249.000000	3322.000000	2285.000000	1774.000000	3764.000000	3793.000000	1453.000000	1628.000000	4114.000000	3528.000000	1888.000000	1166.000000	1038.000000	883.000000	2320.000000	2133.000000	1724.000000	1069.000000	2320.000000	1649.000000	2167.000000	2499.000000	4153.000000	3269.000000	3536.000000	3603.000000	1050.000000	1069.000000	2091.000000	3412.000000	2065.000000	3267.000000	1982.000000	1640.000000	2625.000000	3236.000000	2678.000000	2698.000000	2865.000000	9305.000000	2708.000000	5834.000000	3396.000000	2678.000000	3603.000000	5020.000000	4537.000000	4158.000000	1870.000000	2806.000000	2738.000000	4548.000000	3507.000000	2391.000000	3382.000000	2311.000000	2480.000000	4916.000000	6809.000000	6827.000000	4698.000000	7346.000000	7489.000000	7447.000000	7631.000000	6090.000000	2349.000000	2706.000000	6406.000000	4779.000000	4518.000000	4278.000000	6705.000000	5926.000000	12004.000000	7540.000000	2139.000000	11021.000000	10723.000000	2645.000000	7007.000000	591.000000	883.000000	9753.000000	1094.000000	6434.000000	5852.000000	6564.000000	6149.000000	3899.000000	812.000000	1100.000000	2422.000000	4111.000000	3642.000000	8622.000000	820.000000	1556.000000	3641.000000	4722.000000	2346.000000	5096.000000	5911.000000	6612.000000	
656.000000	1944100.000000	1870.000000	1996.000000	1166.000000	1612.000000	844.000000	2491.000000	1945.000000	1358.000000	1801.000000	1578.000000	778.000000	1281.000000	1486.000000	625.000000	2133.000000	2789.000000	2252.000000	1805.000000	2216.000000	2065.000000	2029.000000	1870.000000	3602.000000	2594.000000	2207.000000	3946.000000	4080.000000	1755.000000	2117.000000	4417.000000	3778.000000	1972.000000	906.000000	1038.000000	883.000000	2499.000000	2231.000000	1561.000000	1297.000000	2320.000000	1713.000000	1628.000000	1913.000000	3507.000000	2650.000000	2881.000000	2964.000000	676.000000	418.000000	1661.000000	2767.000000	1416.000000	2786.000000	1411.000000	984.000000	2706.000000	3613.000000	3036.000000	2982.000000	3185.000000	9953.000000	2767.000000	5560.000000	3045.000000	3275.000000	4248.000000	5675.000000	5180.000000	4773.000000	2509.000000	3443.000000	3388.000000	5199.000000	4153.000000	3045.000000	3995.000000	2909.000000	3045.000000	5515.000000	7378.000000	7373.000000	5301.000000	7924.000000	8070.000000	8038.000000	8229.000000	6072.000000	2691.000000	2935.000000	6406.000000	4292.000000	3863.000000	3964.000000	7341.000000	5908.000000	11977.000000	7475.000000	2189.000000	11489.000000	11238.000000	2101.000000	7315.000000	1194.000000	1512.000000	9132.000000	1740.000000	7056.000000	6422.000000	5908.000000	5502.000000	3787.000000	1358.000000	998.000000	2794.000000	4698.000000	2994.000000	9278.000000	1050.000000	957.000000	3856.000000	4571.000000	1860.000000	5180.000000	6493.000000	6165.000000	
1556.000000	1870.000000	1944100.000000	1411.000000	1972.000000	1142.000000	1142.000000	1435.000000	812.000000	625.000000	706.000000	2228.000000	1166.000000	2303.000000	1353.000000	1816.000000	1774.000000	2207.000000	1508.000000	1616.000000	1755.000000	1526.000000	1281.000000	1183.000000	4640.000000	3624.000000	2994.000000	5173.000000	5084.000000	2872.000000	2767.000000	5374.000000	4873.000000	3412.000000	2678.000000	2594.000000	2439.000000	3777.000000	3642.000000	3275.000000	2576.000000	3861.000000	3185.000000	3482.000000	3719.000000	4666.000000	3642.000000	4203.000000	4086.000000	1548.000000	2091.000000	2052.000000	3959.000000	3071.000000	3089.000000	2389.000000	2594.000000	1249.000000	1744.000000	1166.000000	1142.000000	1323.000000	9182.000000	1358.000000	4884.000000	2825.000000	1903.000000	3123.000000	4636.000000	3968.000000	3364.000000	1640.000000	2334.000000	2458.000000	4512.000000	3642.000000	2555.000000	3830.000000	2982.000000	3267.000000	5341.000000	7312.000000	7428.000000	5109.000000	6279.000000	6434.000000	6435.000000	6648.000000	4698.000000	820.000000	1160.000000	4989.000000	6152.000000	5292.000000	5800.000000	5993.000000	7448.000000	13516.000000	6187.000000	928.000000	11813.000000	11373.000000	3944.000000	5467.000000	1148.000000	1194.000000	10753.000000	1358.000000	5616.000000	4773.000000	7175.000000	6580.000000	2730.000000	906.000000	1100.000000	928.000000	4646.000000	4218.000000	8190.000000	820.000000	2201.000000	5020.000000	6278.000000	2380.000000	3613.000000	6384.000000	8034.000000	
1353.000000	1996.000000	1411.000000	1944100.000000	2767.000000	418.000000	1233.000000	580.000000	625.000000	1661.000000	706.000000	1211.000000	1771.000000	1512.000000	519.000000	1508.000000	367.000000	883.000000	259.000000	367.000000	348.000000	116.000000	164.000000	232.000000	3449.000000	2509.000000	1834.000000	4060.000000	3856.000000	1945.000000	1578.000000	4114.000000	3699.000000	2617.000000	2391.000000	2101.000000	2002.000000	2803.000000	2789.000000	2786.000000	1860.000000	3095.000000	2461.000000	3490.000000	3840.000000	5424.000000	4478.000000	4840.000000	4857.000000	2158.000000	2391.000000	3062.000000	4682.000000	3412.000000	4222.000000	3156.000000	2971.000000	2645.000000	2483.000000	2052.000000	2252.000000	2303.000000	8078.000000	2757.000000	6291.000000	4119.000000	1397.000000	2252.000000	3692.000000	3185.000000	2825.000000	519.000000	1453.000000	1397.000000	3324.000000	2349.000000	1211.000000	2439.000000	1578.000000	1874.000000	3971.000000	5934.000000	6032.000000	3741.000000	6052.000000	6191.000000	6135.000000	6311.000000	6019.000000	1834.000000	2389.000000	6288.000000	6029.000000	5852.000000	5341.000000	5352.000000	6490.000000	12487.000000	7522.000000	2332.000000	10403.000000	9977.000000	3964.000000	6231.000000	820.000000	492.000000	11103.000000	259.000000	5088.000000	4577.000000	7876.000000	7411.000000	4140.000000	778.000000	1920.000000	1812.000000	3248.000000	4924.000000	7301.000000	1402.000000	2794.000000	3877.000000	5545.000000	3372.000000	4858.000000	5010.000000	7803.000000	
1661.000000	1166.000000	1972.000000	2767.000000	1944100.000000	2349.000000	1556.000000	3121.000000	2461.000000	1353.000000	2297.000000	2691.000000	998.000000	2436.000000	2334.000000	1744.000000	3009.000000	3641.000000	2994.000000	2698.000000	3065.000000	2865.000000	2738.000000	2576.000000	4756.000000	3757.000000	3364.000000	5064.000000	5234.000000	2921.000000	3256.000000	5574.000000	4924.000000	3082.000000	1920.000000	2167.000000	2026.000000	3633.000000	3340.000000	2547.000000	2461.000000	3372.000000	2825.000000	2029.000000	2091.000000	2718.000000	1724.000000	2231.000000	2139.000000	625.000000	883.000000	519.000000	1996.000000	1323.000000	1624.000000	418.000000	935.000000	2216.000000	3573.000000	3012.000000	2822.000000	3071.000000	10845.000000	2231.000000	4463.000000	1920.000000	3787.000000	4924.000000	6417.000000	5824.000000	5290.000000	3225.000000	4104.000000	4131.000000	6088.000000	5084.000000	3944.000000	5026.000000	3968.000000	4140.000000	6567.000000	8469.000000	8487.000000	6346.000000	8249.000000	8404.000000	8407.000000	8619.000000	5246.000000	2678.000000	2678.000000	5598.000000	4558.000000	3322.000000	4601.000000	7917.000000	6868.000000	12891.000000	6570.000000	1740.000000	12646.000000	12375.000000	2391.000000	6995.000000	1972.000000	2288.000000	8804.000000	2547.000000	7565.000000	6744.000000	5220.000000	4676.000000	2900.000000	1996.000000	906.000000	2825.000000	5769.000000	2252.000000	10019.000000	1397.000000	418.000000	4989.000000	5414.000000	696.000000	4524.000000	7569.000000	6471.000000	
991.000000	1612.000000	1142.000000	418.000000	2349.000000	1944100.000000	820.000000	883.000000	519.000000	1281.000000	492.000000	1160.000000	1353.000000	1358.000000	259.000000	1183.000000	706.000000	1297.000000	656.000000	478.000000	734.000000	519.000000	418.000000	259.000000	3536.000000	2544.000000	1888.000000	4104.000000	3968.000000	1870.000000	1649.000000	4248.000000	3777.000000	2499.000000	2101.000000	1860.000000	1740.000000	2767.000000	2698.000000	2563.000000	1689.000000	2973.000000	2311.000000	3156.000000	3490.000000	5010.000000	4060.000000	4432.000000	4441.000000	1740.000000	1996.000000	2650.000000	4268.000000	3025.000000	3816.000000	2738.000000	2576.000000	2391.000000	2491.000000	1996.000000	2133.000000	2228.000000	8497.000000	2499.000000	5971.000000	3741.000000	1689.000000	2645.000000	4101.000000	3573.000000	3168.000000	906.000000	1834.000000	1805.000000	3741.000000	2757.000000	1616.000000	2806.000000	1870.000000	2139.000000	4348.000000	6303.000000	6384.000000	4119.000000	6359.000000	6501.000000	6457.000000	6640.000000	5829.000000	1724.000000	2228.000000	6113.000000	5742.000000	5453.000000	5137.000000	5730.000000	6468.000000	12505.000000	7324.000000	2026.000000	10723.000000	10325.000000	3633.000000	6279.000000	418.000000	116.000000	10739.000000	232.000000	5447.000000	4869.000000	7468.000000	6996.000000	3856.000000	367.000000	1508.000000	1740.000000	3603.000000	4512.000000	7710.000000	991.000000	2380.000000	3937.000000	5431.000000	2957.000000	4711.000000	5381.000000	7548.000000	
418.000000	844.000000	1142.000000	1233.000000	1556.000000	820.000000	1944100.000000	1673.000000	1100.000000	836.000000	957.000000	1323.000000	591.000000	1255.000000	778.000000	676.000000	1453.000000	2091.000000	1476.000000	1142.000000	1512.000000	1323.000000	1233.000000	1069.000000	3685.000000	2648.000000	2091.000000	4153.000000	4150.000000	1834.000000	1913.000000	4464.000000	3899.000000	2303.000000	1548.000000	1453.000000	1297.000000	2718.000000	2544.000000	2133.000000	1476.000000	2738.000000	2065.000000	2461.000000	2757.000000	4190.000000	3250.000000	3613.000000	3624.000000	935.000000	1194.000000	1913.000000	3449.000000	2231.000000	3095.000000	1931.000000	1771.000000	2216.000000	2844.000000	2279.000000	2285.000000	2458.000000	9298.000000	2303.000000	5515.000000	3134.000000	2439.000000	3461.000000	4921.000000	4385.000000	3944.000000	1724.000000	2645.000000	2625.000000	4537.000000	3528.000000	2389.000000	3490.000000	2461.000000	2671.000000	5036.000000	6962.000000	7007.000000	4812.000000	7080.000000	7227.000000	7196.000000	7389.000000	5689.000000	1945.000000	2288.000000	6002.000000	5109.000000	4640.000000	4670.000000	6531.000000	6342.000000	12419.000000	7147.000000	1740.000000	11262.000000	10926.000000	2937.000000	6603.000000	418.000000	743.000000	9965.000000	998.000000	6231.000000	5578.000000	6649.000000	6179.000000	3528.000000	519.000000	812.000000	2026.000000	4254.000000	3692.000000	8531.000000	418.000000	1561.000000	4022.000000	5138.000000	2201.000000	4682.000000	6052.000000	6964.000000	
1874.000000	2491.000000	1435.000000	580.000000	3121.000000	883.000000	1673.000000	1944100.000000	676.000000	1870.000000	836.000000	1774.000000	2133.000000	2091.000000	1069.000000	2056.000000	778.000000	844.000000	367.000000	935.000000	676.000000	591.000000	478.000000	625.000000	3898.000000	3009.000000	2334.000000	4537.000000	4278.000000	2504.000000	2075.000000	4512.000000	4153.000000	3185.000000	2957.000000	2678.000000	2576.000000	3340.000000	3348.000000	3366.000000	2439.000000	3663.000000	3036.000000	4035.000000	4373.000000	5824.000000	4846.000000	5273.000000	5250.000000	2544.000000	2865.000000	3346.000000	5088.000000	3899.000000	4463.000000	3528.000000	3443.000000	2555.000000	2052.000000	1713.000000	1982.000000	1972.000000	7786.000000	2671.000000	6264.000000	4256.000000	820.000000	1805.000000	3297.000000	2718.000000	2285.000000	259.000000	984.000000	1038.000000	3082.000000	2216.000000	1183.000000	2480.000000	1834.000000	2158.000000	3946.000000	5917.000000	6060.000000	3714.000000	5486.000000	5627.000000	5578.000000	5759.000000	5773.000000	1578.000000	2167.000000	6020.000000	6599.000000	6311.000000	5921.000000	4858.000000	7003.000000	12966.000000	7281.000000	2346.000000	10490.000000	10000.000000	4512.000000	5730.000000	1297.000000	991.000000	11621.000000	820.000000	4565.000000	4005.000000	8304.000000	7796.000000	4067.000000	1160.000000	2228.000000	1508.000000	3299.000000	5337.000000	6898.000000	1724.000000	3208.000000	4343.000000	6105.000000	3668.000000	4565.000000	4989.000000	8381.000000	
1397.000000	1945.000000	812.000000	625.000000	2461.000000	519.000000	1100.000000	676.000000	1944100.000000	1194.000000	164.000000	1673.000000	1486.000000	1874.000000	778.000000	1624.000000	991.000000	1397.000000	696.000000	906.000000	957.000000	734.000000	478.000000	418.000000	4020.000000	3045.000000	2380.000000	4605.000000	4441.000000	2389.000000	2133.000000	4711.000000	4265.000000	3016.000000	2552.000000	2346.000000	2216.000000	3283.000000	3217.000000	3051.000000	2201.000000	3490.000000	2825.000000	3549.000000	3856.000000	5173.000000	4184.000000	4640.000000	4596.000000	1903.000000	2285.000000	2671.000000	4441.000000	3322.000000	3787.000000	2872.000000	2853.000000	2026.000000	1972.000000	1486.000000	1649.000000	1724.000000	8462.000000	2139.000000	5695.000000	3602.000000	1353.000000	2466.000000	3968.000000	3364.000000	2865.000000	844.000000	1649.000000	1713.000000	3748.000000	2844.000000	1744.000000	3018.000000	2201.000000	2499.000000	4530.000000	6500.000000	6616.000000	4298.000000	5979.000000	6126.000000	6096.000000	6291.000000	5397.000000	1233.000000	1771.000000	5670.000000	6175.000000	5695.000000	5627.000000	5475.000000	6984.000000	13015.000000	6900.000000	1740.000000	11008.000000	10562.000000	4027.000000	5760.000000	812.000000	625.000000	11060.000000	656.000000	5153.000000	4478.000000	7664.000000	7137.000000	3528.000000	591.000000	1561.000000	1233.000000	3835.000000	4693.000000	7562.000000	1069.000000	2576.000000	4432.000000	5947.000000	2994.000000	4248.000000	5573.000000	8005.000000	
1233.000000	1358.000000	625.000000	1661.000000	1353.000000	1281.000000	836.000000	1870.000000	1194.000000	1944100.000000	1038.000000	2133.000000	591.000000	2091.000000	1397.000000	1476.000000	1986.000000	2533.000000	1834.000000	1740.000000	2002.000000	1774.000000	1578.000000	1435.000000	4518.000000	3482.000000	2909.000000	4989.000000	4981.000000	2671.000000	2715.000000	5292.000000	4735.000000	3117.000000	2231.000000	2228.000000	2065.000000	3551.000000	3364.000000	2865.000000	2303.000000	3536.000000	2872.000000	2921.000000	3132.000000	4060.000000	3045.000000	3583.000000	3480.000000	935.000000	1512.000000	1486.000000	3346.000000	2461.000000	2594.000000	1771.000000	1986.000000	1397.000000	2323.000000	1744.000000	1640.000000	1860.000000	9656.000000	1476.000000	4732.000000	2461.000000	2461.000000	3642.000000	5151.000000	4518.000000	3951.000000	2026.000000	2832.000000	2907.000000	4935.000000	4000.000000	2870.000000	4086.000000	3134.000000	3382.000000	5627.000000	7584.000000	7664.000000	5397.000000	6903.000000	7057.000000	7056.000000	7267.000000	4857.000000	1397.000000	1578.000000	5173.000000	5587.000000	4669.000000	5322.000000	6580.000000	7148.000000	13227.000000	6311.000000	906.000000	11984.000000	11602.000000	3372.000000	5965.000000	1069.000000	1276.000000	10129.000000	1512.000000	6218.000000	5396.000000	6567.000000	5993.000000	2698.000000	928.000000	478.000000	1526.000000	4884.000000	3603.000000	8733.000000	418.000000	1578.000000	4858.000000	5890.000000	1812.000000	3877.000000	6662.000000	7482.000000	
1276.000000	1801.000000	706.000000	706.000000	2297.000000	492.000000	957.000000	836.000000	164.000000	1038.000000	1944100.000000	1649.000000	1323.000000	1816.000000	743.000000	1512.000000	1069.000000	1526.000000	820.000000	935.000000	1050.000000	820.000000	580.000000	478.000000	4027.000000	3036.000000	2380.000000	4596.000000	4457.000000	2349.000000	2139.000000	4733.000000	4268.000000	2957.000000	2439.000000	2252.000000	2117.000000	3250.000000	3166.000000	2957.000000	2133.000000	3427.000000	2757.000000	3414.000000	3714.000000	5010.000000	4020.000000	4478.000000	4432.000000	1740.000000	2133.000000	2509.000000	4278.000000	3168.000000	3631.000000	2708.000000	2698.000000	1945.000000	2026.000000	1512.000000	1640.000000	1740.000000	8619.000000	2056.000000	5587.000000	3461.000000	1512.000000	2630.000000	4131.000000	3528.000000	3025.000000	991.000000	1812.000000	1870.000000	3899.000000	2982.000000	1870.000000	3132.000000	2279.000000	2568.000000	4653.000000	6621.000000	6729.000000	4422.000000	6126.000000	6274.000000	6247.000000	6443.000000	5352.000000	1233.000000	1740.000000	5632.000000	6050.000000	5534.000000	5530.000000	5638.000000	6949.000000	12993.000000	6851.000000	1628.000000	11108.000000	10675.000000	3891.000000	5819.000000	706.000000	580.000000	10906.000000	676.000000	5312.000000	4623.000000	7501.000000	6973.000000	3435.000000	464.000000	1397.000000	1255.000000	3946.000000	4530.000000	7726.000000	906.000000	2414.000000	4429.000000	5881.000000	2832.000000	4222.000000	5695.000000	7888.000000	
1044.000000	1578.000000	2228.000000	1211.000000	2691.000000	1160.000000	1323.000000	1774.000000	1673.000000	2133.000000	1649.000000	1944100.000000	1870.000000	418.000000	906.000000	957.000000	1044.000000	1578.000000	1411.000000	844.000000	1160.000000	1183.000000	1358.000000	1297.000000	2414.000000	1397.000000	778.000000	2953.000000	2865.000000	734.000000	591.000000	3166.000000	2645.000000	1411.000000	1486.000000	1094.000000	1069.000000	1612.000000	1578.000000	1689.000000	734.000000	1888.000000	1276.000000	2645.000000	3045.000000	5036.000000	4222.000000	4377.000000	4514.000000	2091.000000	1982.000000	3134.000000	4306.000000	2832.000000	4306.000000	2982.000000	2491.000000	3443.000000	3641.000000	3156.000000	3285.000000	3388.000000	8481.000000	3541.000000	6837.000000	4432.000000	2563.000000	3156.000000	4417.000000	4073.000000	3872.000000	1628.000000	2461.000000	2279.000000	3777.000000	2708.000000	1713.000000	2447.000000	1353.000000	1467.000000	3946.000000	5800.000000	5801.000000	3735.000000	7137.000000	7267.000000	7190.000000	7348.000000	6918.000000	2881.000000	3364.000000	7215.000000	4989.000000	5273.000000	4178.000000	6247.000000	5312.000000	11345.000000	8399.000000	3009.000000	9977.000000	9684.000000	3089.000000	7419.000000	1094.000000	1069.000000	10267.000000	1038.000000	6055.000000	5695.000000	7356.000000	7023.000000	4829.000000	1323.000000	2117.000000	2900.000000	3123.000000	4518.000000	7958.000000	1724.000000	2533.000000	2794.000000	4334.000000	3382.000000	5838.000000	4916.000000	6694.000000	
844.000000	778.000000	1166.000000	1771.000000	998.000000	1353.000000	591.000000	2133.000000	1486.000000	591.000000	1323.000000	1870.000000	1944100.000000	1724.000000	1358.000000	1038.000000	2026.000000	2648.000000	1996.000000	1724.000000	2075.000000	1870.000000	1740.000000	1578.000000	4158.000000	3123.000000	2617.000000	4576.000000	4631.000000	2285.000000	2461.000000	4956.000000	4359.000000	2645.000000	1673.000000	1724.000000	1561.000000	3123.000000	2900.000000	2320.000000	1870.000000	3036.000000	2391.000000	2332.000000	2555.000000	3692.000000	2718.000000	3156.000000	3117.000000	418.000000	928.000000	1323.000000	2957.000000	1913.000000	2504.000000	1397.000000	1435.000000	1931.000000	2900.000000	2320.000000	2231.000000	2447.000000	9849.000000	1996.000000	4989.000000	2563.000000	2832.000000	3937.000000	5424.000000	4846.000000	4343.000000	2228.000000	3117.000000	3134.000000	5093.000000	4100.000000	2957.000000	4080.000000	3051.000000	3256.000000	5627.000000	7553.000000	7597.000000	5402.000000	7389.000000	7540.000000	7527.000000	7730.000000	5332.000000	1972.000000	2167.000000	5660.000000	5000.000000	4218.000000	4739.000000	6960.000000	6644.000000	12720.000000	6758.000000	1416.000000	11837.000000	11513.000000	2786.000000	6556.000000	991.000000	1297.000000	9629.000000	1556.000000	6628.000000	5881.000000	6179.000000	5665.000000	3089.000000	998.000000	259.000000	2091.000000	4846.000000	3208.000000	9029.000000	418.000000	1094.000000	4463.000000	5341.000000	1616.000000	4410.000000	6643.000000	6892.000000	
883.000000	1281.000000	2303.000000	1512.000000	2436.000000	1358.000000	1255.000000	2091.000000	1874.000000	2091.000000	1816.000000	418.000000	1724.000000	1944100.000000	1100.000000	706.000000	1411.000000	1982.000000	1740.000000	1160.000000	1526.000000	1508.000000	1640.000000	1548.000000	2439.000000	1402.000000	928.000000	2900.000000	2909.000000	580.000000	844.000000	3231.000000	2648.000000	1142.000000	1069.000000	676.000000	656.000000	1476.000000	1353.000000	1297.000000	348.000000	1616.000000	957.000000	2228.000000	2630.000000	4669.000000	3889.000000	4000.000000	4158.000000	1870.000000	1661.000000	2909.000000	3946.000000	2447.000000	4060.000000	2691.000000	2133.000000	3461.000000	3840.000000	3324.000000	3412.000000	3541.000000	8883.000000	3551.000000	6713.000000	4254.000000	2900.000000	3558.000000	4835.000000	4481.000000	4254.000000	1975.000000	2844.000000	2678.000000	4190.000000	3121.000000	2129.000000	2832.000000	1740.000000	1816.000000	4306.000000	6126.000000	6105.000000	4101.000000	7514.000000	7647.000000	7576.000000	7738.000000	6939.000000	3025.000000	3461.000000	7248.000000	4589.000000	4873.000000	3830.000000	6657.000000	5151.000000	11214.000000	8401.000000	2994.000000	10211.000000	9958.000000	2671.000000	7632.000000	1160.000000	1249.000000	9849.000000	1297.000000	6457.000000	6060.000000	6960.000000	6648.000000	4777.000000	1416.000000	1982.000000	3065.000000	3476.000000	4150.000000	8375.000000	1673.000000	2231.000000	2767.000000	4073.000000	3132.000000	5906.000000	5256.000000	6316.000000	
836.000000	1486.000000	1353.000000	519.000000	2334.000000	259.000000	778.000000	1069.000000	778.000000	1397.000000	743.000000	906.000000	1358.000000	1100.000000	1944100.000000	991.000000	676.000000	1323.000000	778.000000	367.000000	743.000000	580.000000	591.000000	464.000000	3297.000000	2297.000000	1649.000000	3856.000000	3735.000000	1612.000000	1416.000000	4022.000000	3536.000000	2240.000000	1888.000000	1624.000000	1512.000000	2509.000000	2439.000000	2323.000000	1435.000000	2715.000000	2056.000000	2973.000000	3322.000000	4946.000000	4022.000000	4348.000000	4385.000000	1713.000000	1888.000000	2678.000000	4203.000000	2900.000000	3856.000000	2706.000000	2466.000000	2594.000000	2750.000000	2252.000000	2380.000000	2483.000000	8526.000000	2698.000000	6122.000000	3835.000000	1888.000000	2767.000000	4190.000000	3701.000000	3340.000000	1038.000000	1972.000000	1903.000000	3764.000000	2750.000000	1612.000000	2730.000000	1740.000000	1986.000000	4278.000000	6218.000000	6281.000000	4052.000000	6556.000000	6696.000000	6644.000000	6823.000000	6050.000000	1975.000000	2466.000000	6339.000000	5530.000000	5347.000000	4894.000000	5870.000000	6210.000000	12250.000000	7540.000000	2201.000000	10587.000000	10214.000000	3449.000000	6538.000000	367.000000	164.000000	10584.000000	259.000000	5607.000000	5074.000000	7382.000000	6939.000000	4035.000000	478.000000	1548.000000	1996.000000	3511.000000	4441.000000	7796.000000	1050.000000	2320.000000	3692.000000	5173.000000	2973.000000	4946.000000	5302.000000	7323.000000	
259.000000	625.000000	1816.000000	1508.000000	1744.000000	1183.000000	676.000000	2056.000000	1624.000000	1476.000000	1512.000000	957.000000	1038.000000	706.000000	991.000000	1944100.000000	1578.000000	2228.000000	1767.000000	1255.000000	1673.000000	1556.000000	1578.000000	1435.000000	3123.000000	2091.000000	1628.000000	3541.000000	3598.000000	1249.000000	1512.000000	3925.000000	3322.000000	1640.000000	928.000000	778.000000	625.000000	2091.000000	1888.000000	1467.000000	836.000000	2065.000000	1397.000000	1982.000000	2334.000000	4119.000000	3275.000000	3480.000000	3583.000000	1166.000000	1038.000000	2207.000000	3382.000000	1969.000000	3366.000000	2026.000000	1578.000000	2872.000000	3490.000000	2935.000000	2957.000000	3123.000000	9350.000000	2953.000000	6016.000000	3549.000000	2870.000000	3741.000000	5128.000000	4676.000000	4331.000000	2026.000000	2957.000000	2865.000000	4605.000000	3551.000000	2461.000000	3372.000000	2285.000000	2422.000000	4890.000000	6756.000000	6757.000000	4676.000000	7540.000000	7681.000000	7633.000000	7813.000000	6329.000000	2607.000000	2964.000000	6649.000000	4561.000000	4429.000000	4027.000000	6851.000000	5675.000000	11753.000000	7773.000000	2380.000000	10905.000000	10633.000000	2458.000000	7265.000000	812.000000	1069.000000	9601.000000	1249.000000	6596.000000	6052.000000	6493.000000	6113.000000	4119.000000	1050.000000	1297.000000	2678.000000	4073.000000	3603.000000	8719.000000	1069.000000	1578.000000	3425.000000	4463.000000	2439.000000	5347.000000	5869.000000	6381.000000	
1476.000000	2133.000000	1774.000000	367.000000	3009.000000	706.000000	1453.000000	778.000000	991.000000	1986.000000	1069.000000	1044.000000	2026.000000	1411.000000	676.000000	1578.000000	1944100.000000	656.000000	418.000000	328.000000	116.000000	259.000000	519.000000	591.000000	3134.000000	2231.000000	1556.000000	3764.000000	3528.000000	1755.000000	1297.000000	3777.000000	3388.000000	2447.000000	2391.000000	2056.000000	1982.000000	2568.000000	2594.000000	2708.000000	1755.000000	2921.000000	2320.000000	3528.000000	3899.000000	5616.000000	4698.000000	5010.000000	5058.000000	2389.000000	2544.000000	3340.000000	4873.000000	3536.000000	4512.000000	3382.000000	3117.000000	3012.000000	2794.000000	2391.000000	2607.000000	2645.000000	7850.000000	3123.000000	6649.000000	4446.000000	1526.000000	2179.000000	3551.000000	3113.000000	2844.000000	591.000000	1435.000000	1297.000000	3089.000000	2075.000000	935.000000	2101.000000	1211.000000	1508.000000	3642.000000	5598.000000	5685.000000	3414.000000	6103.000000	6236.000000	6165.000000	6330.000000	6381.000000	2189.000000	2750.000000	6648.000000	5993.000000	5993.000000	5221.000000	5292.000000	6225.000000	12194.000000	7885.000000	2691.000000	10043.000000	9628.000000	3995.000000	6505.000000	1038.000000	734.000000	11166.000000	478.000000	5064.000000	4653.000000	8040.000000	7610.000000	4505.000000	1069.000000	2201.000000	2158.000000	2902.000000	5109.000000	7148.000000	1689.000000	2994.000000	3573.000000	5347.000000	3641.000000	5214.000000	4676.000000	7727.000000	
2133.000000	2789.000000	2207.000000	883.000000	3641.000000	1297.000000	2091.000000	844.000000	1397.000000	2533.000000	1526.000000	1578.000000	2648.000000	1982.000000	1323.000000	2228.000000	656.000000	1944100.000000	706.000000	984.000000	580.000000	778.000000	957.000000	1100.000000	3269.000000	2504.000000	1870.000000	3946.000000	3603.000000	2216.000000	1628.000000	3805.000000	3528.000000	2909.000000	3009.000000	2650.000000	2594.000000	2921.000000	3016.000000	3267.000000	2311.000000	3366.000000	2822.000000	4158.000000	4537.000000	6268.000000	5341.000000	5665.000000	5708.000000	3025.000000	3200.000000	3946.000000	5526.000000	4190.000000	5105.000000	4022.000000	3773.000000	3382.000000	2832.000000	2544.000000	2825.000000	2803.000000	7207.000000	3497.000000	7080.000000	4983.000000	1255.000000	1578.000000	2900.000000	2499.000000	2323.000000	591.000000	935.000000	706.000000	2447.000000	1467.000000	348.000000	1640.000000	1069.000000	1397.000000	3134.000000	5105.000000	5232.000000	2902.000000	5587.000000	5714.000000	5627.000000	5779.000000	6613.000000	2422.000000	3012.000000	6855.000000	6567.000000	6649.000000	5714.000000	4676.000000	6463.000000	12334.000000	8121.000000	3134.000000	9650.000000	9176.000000	4620.000000	6380.000000	1673.000000	1353.000000	11798.000000	1094.000000	4478.000000	4178.000000	8696.000000	8261.000000	4894.000000	1661.000000	2803.000000	2349.000000	2461.000000	5763.000000	6493.000000	2285.000000	3642.000000	3735.000000	5726.000000	4254.000000	5396.000000	4178.000000	8259.000000	
1612.000000	2252.000000	1508.000000	259.000000	2994.000000	656.000000	1476.000000	367.000000	696.000000	1834.000000	820.000000	1411.000000	1996.000000	1740.000000	778.000000	1767.000000	418.000000	706.000000	1944100.000000	580.000000	328.000000	232.000000	259.000000	418.000000	3551.000000	2648.000000	1972.000000	4182.000000	3941.000000	2139.000000	1713.000000	4184.000000	3805.000000	2822.000000	2645.000000	2346.000000	2252.000000	2973.000000	2982.000000	3025.000000	2088.000000	3299.000000	2678.000000	3748.000000	4100.000000	5665.000000	4711.000000	5088.000000	5096.000000	2391.000000	2645.000000	3269.000000	4924.000000	3668.000000	4417.000000	3388.000000	3225.000000	2708.000000	2380.000000	1996.000000	2231.000000	2252.000000	7858.000000	2822.000000	6389.000000	4278.000000	1160.000000	1996.000000	3445.000000	2928.000000	2568.000000	259.000000	1194.000000	1148.000000	3113.000000	2167.000000	1050.000000	2323.000000	1556.000000	1870.000000	3835.000000	5805.000000	5921.000000	3603.000000	5801.000000	5939.000000	5881.000000	6055.000000	6020.000000	1816.000000	2391.000000	6278.000000	6279.000000	6105.000000	5569.000000	5093.000000	6640.000000	12612.000000	7527.000000	2436.000000	10319.000000	9866.000000	4222.000000	6088.000000	1069.000000	743.000000	11362.000000	519.000000	4829.000000	4331.000000	8124.000000	7650.000000	4216.000000	998.000000	2129.000000	1771.000000	3141.000000	5168.000000	7054.000000	1612.000000	3036.000000	3991.000000	5739.000000	3583.000000	4835.000000	4878.000000	8045.000000	
1148.000000	1805.000000	1616.000000	367.000000	2698.000000	478.000000	1142.000000	935.000000	906.000000	1740.000000	935.000000	844.000000	1724.000000	1160.000000	367.000000	1255.000000	328.000000	984.000000	580.000000	1944100.000000	418.000000	348.000000	519.000000	492.000000	3117.000000	2158.000000	1486.000000	3714.000000	3536.000000	1578.000000	1233.000000	3805.000000	3364.000000	2252.000000	2091.000000	1774.000000	1689.000000	2439.000000	2422.000000	2447.000000	1508.000000	2730.000000	2101.000000	3217.000000	3583.000000	5290.000000	4377.000000	4682.000000	4733.000000	2075.000000	2216.000000	3045.000000	4548.000000	3208.000000	4222.000000	3065.000000	2789.000000	2865.000000	2832.000000	2380.000000	2555.000000	2625.000000	8173.000000	2973.000000	6447.000000	4190.000000	1740.000000	2491.000000	3877.000000	3425.000000	3123.000000	820.000000	1724.000000	1612.000000	3412.000000	2389.000000	1255.000000	2366.000000	1397.000000	1661.000000	3913.000000	5857.000000	5926.000000	3687.000000	6371.000000	6506.000000	6443.000000	6613.000000	6288.000000	2139.000000	2671.000000	6566.000000	5712.000000	5665.000000	4989.000000	5603.000000	6129.000000	12136.000000	7786.000000	2504.000000	10250.000000	9863.000000	3687.000000	6592.000000	734.000000	464.000000	10850.000000	259.000000	5364.000000	4906.000000	7712.000000	7285.000000	4334.000000	812.000000	1913.000000	2133.000000	3151.000000	4783.000000	7475.000000	1411.000000	2671.000000	3536.000000	5179.000000	3340.000000	5151.000000	4939.000000	7468.000000	
1561.000000	2216.000000	1755.000000	348.000000	3065.000000	734.000000	1512.000000	676.000000	957.000000	2002.000000	1050.000000	1160.000000	2075.000000	1526.000000	743.000000	1673.000000	116.000000	580.000000	328.000000	418.000000	1944100.000000	232.000000	478.000000	580.000000	3225.000000	2334.000000	1661.000000	3861.000000	3613.000000	1870.000000	1402.000000	3856.000000	3480.000000	2563.000000	2499.000000	2167.000000	2091.000000	2678.000000	2708.000000	2822.000000	1870.000000	3036.000000	2436.000000	3631.000000	4000.000000	5689.000000	4762.000000	5088.000000	5128.000000	2447.000000	2625.000000	3382.000000	4946.000000	3624.000000	4549.000000	3443.000000	3200.000000	2982.000000	2708.000000	2320.000000	2547.000000	2576.000000	7786.000000	3095.000000	6637.000000	4463.000000	1411.000000	2075.000000	3461.000000	3009.000000	2730.000000	478.000000	1323.000000	1194.000000	3025.000000	2026.000000	883.000000	2091.000000	1249.000000	1556.000000	3626.000000	5587.000000	5684.000000	3396.000000	5988.000000	6122.000000	6052.000000	6218.000000	6329.000000	2129.000000	2698.000000	6592.000000	6105.000000	6079.000000	5337.000000	5188.000000	6329.000000	12290.000000	7835.000000	2678.000000	10057.000000	9629.000000	4100.000000	6406.000000	1094.000000	778.000000	11267.000000	519.000000	4956.000000	4537.000000	8121.000000	7681.000000	4482.000000	1100.000000	2240.000000	2091.000000	2900.000000	5184.000000	7062.000000	1724.000000	3062.000000	3668.000000	5461.000000	3687.000000	5153.000000	4663.000000	7842.000000	
1416.000000	2065.000000	1526.000000	116.000000	2865.000000	519.000000	1323.000000	591.000000	734.000000	1774.000000	820.000000	1183.000000	1870.000000	1508.000000	580.000000	1556.000000	259.000000	778.000000	232.000000	348.000000	232.000000	1944100.000000	259.000000	348.000000	3372.000000	2447.000000	1771.000000	3991.000000	3773.000000	1913.000000	1512.000000	4027.000000	3624.000000	2594.000000	2422.000000	2117.000000	2026.000000	2757.000000	2757.000000	2794.000000	1856.000000	3071.000000	2447.000000	3534.000000	3891.000000	5511.000000	4571.000000	4921.000000	4946.000000	2252.000000	2466.000000	3168.000000	4769.000000	3480.000000	4331.000000	3250.000000	3045.000000	2757.000000	2555.000000	2139.000000	2349.000000	2391.000000	7980.000000	2870.000000	6406.000000	4234.000000	1392.000000	2189.000000	3613.000000	3123.000000	2789.000000	478.000000	1402.000000	1323.000000	3223.000000	2240.000000	1100.000000	2323.000000	1467.000000	1767.000000	3856.000000	5819.000000	5916.000000	3626.000000	6029.000000	6165.000000	6105.000000	6278.000000	6122.000000	1931.000000	2491.000000	6388.000000	6052.000000	5926.000000	5337.000000	5295.000000	6435.000000	12421.000000	7626.000000	2447.000000	10287.000000	9861.000000	4007.000000	6288.000000	906.000000	580.000000	11157.000000	328.000000	5042.000000	4561.000000	7957.000000	7501.000000	4254.000000	883.000000	2026.000000	1903.000000	3132.000000	5010.000000	7220.000000	1508.000000	2881.000000	3805.000000	5515.000000	3476.000000	4956.000000	4894.000000	7814.000000	
1402.000000	2029.000000	1281.000000	164.000000	2738.000000	418.000000	1233.000000	478.000000	478.000000	1578.000000	580.000000	1358.000000	1740.000000	1640.000000	591.000000	1578.000000	519.000000	957.000000	259.000000	519.000000	478.000000	259.000000	1944100.000000	164.000000	3613.000000	2671.000000	1996.000000	4222.000000	4020.000000	2091.000000	1740.000000	4278.000000	3863.000000	2757.000000	2480.000000	2207.000000	2101.000000	2957.000000	2935.000000	2900.000000	1986.000000	3236.000000	2594.000000	3558.000000	3899.000000	5416.000000	4457.000000	4846.000000	4846.000000	2139.000000	2414.000000	3009.000000	4676.000000	3443.000000	4158.000000	3134.000000	2994.000000	2504.000000	2320.000000	1888.000000	2091.000000	2139.000000	8117.000000	2617.000000	6165.000000	4027.000000	1297.000000	2228.000000	3692.000000	3156.000000	2757.000000	492.000000	1416.000000	1397.000000	3372.000000	2422.000000	1297.000000	2552.000000	1724.000000	2026.000000	4075.000000	6042.000000	6149.000000	3844.000000	5965.000000	6105.000000	6055.000000	6236.000000	5862.000000	1673.000000	2231.000000	6129.000000	6122.000000	5870.000000	5463.000000	5312.000000	6648.000000	12649.000000	7367.000000	2207.000000	10532.000000	10095.000000	4035.000000	6073.000000	836.000000	519.000000	11154.000000	348.000000	5032.000000	4482.000000	7881.000000	7399.000000	4005.000000	743.000000	1870.000000	1649.000000	3366.000000	4921.000000	7301.000000	1353.000000	2789.000000	4040.000000	5689.000000	3324.000000	4698.000000	5116.000000	7909.000000	
1249.000000	1870.000000	1183.000000	232.000000	2576.000000	259.000000	1069.000000	625.000000	418.000000	1435.000000	478.000000	1297.000000	1578.000000	1548.000000	464.000000	1435.000000	591.000000	1100.000000	418.000000	492.000000	580.000000	348.000000	164.000000	1944100.000000	3609.000000	2645.000000	1975.000000	4203.000000	4027.000000	2026.000000	1724.000000	4294.000000	3856.000000	2678.000000	2346.000000	2088.000000	1975.000000	2907.000000	2865.000000	2786.000000	1888.000000	3156.000000	2504.000000	3412.000000	3748.000000	5252.000000	4294.000000	4682.000000	4682.000000	1975.000000	2252.000000	2853.000000	4512.000000	3283.000000	4007.000000	2971.000000	2832.000000	2422.000000	2349.000000	1888.000000	2065.000000	2133.000000	8276.000000	2533.000000	6060.000000	3891.000000	1435.000000	2391.000000	3856.000000	3318.000000	2909.000000	656.000000	1578.000000	1561.000000	3528.000000	2568.000000	1435.000000	2671.000000	1801.000000	2091.000000	4202.000000	6165.000000	6264.000000	3971.000000	6105.000000	6247.000000	6200.000000	6383.000000	5814.000000	1649.000000	2189.000000	6088.000000	5988.000000	5708.000000	5356.000000	5472.000000	6605.000000	12622.000000	7315.000000	2101.000000	10633.000000	10209.000000	3889.000000	6122.000000	676.000000	367.000000	10998.000000	259.000000	5188.000000	4618.000000	7717.000000	7235.000000	3913.000000	580.000000	1713.000000	1640.000000	3480.000000	4757.000000	7465.000000	1194.000000	2625.000000	4027.000000	5613.000000	3166.000000	4666.000000	5241.000000	7786.000000	
3322.000000	3602.000000	4640.000000	3449.000000	4756.000000	3536.000000	3685.000000	3898.000000	4020.000000	4518.000000	4027.000000	2414.000000	4158.000000	2439.000000	3297.000000	3123.000000	3134.000000	3269.000000	3551.000000	3117.000000	3225.000000	3372.000000	3613.000000	3609.000000	1944100.000000	1038.000000	1649.000000	706.000000	478.000000	1874.000000	1888.000000	820.000000	259.000000	1740.000000	2909.000000	2594.000000	2730.000000	1160.000000	1512.000000	2447.000000	2311.000000	1689.000000	1975.000000	3663.000000	4052.000000	6465.000000	5917.000000	5759.000000	6060.000000	4256.000000	3891.000000	5261.000000	5829.000000	4298.000000	6350.000000	4921.000000	4182.000000	5855.000000	5926.000000	5496.000000	5665.000000	5742.000000	8204.000000	5952.000000	9138.000000	6644.000000	4518.000000	4530.000000	5225.000000	5252.000000	5402.000000	3668.000000	4158.000000	3856.000000	4216.000000	3366.000000	3123.000000	2671.000000	2240.000000	1945.000000	3425.000000	4693.000000	4505.000000	3322.000000	8532.000000	8634.000000	8497.000000	8597.000000	9332.000000	5252.000000	5763.000000	9629.000000	4840.000000	6346.000000	3480.000000	7200.000000	3236.000000	9075.000000	10810.000000	5411.000000	8105.000000	8034.000000	3889.000000	9620.000000	3507.000000	3461.000000	10417.000000	3364.000000	7196.000000	7260.000000	8379.000000	8302.000000	7213.000000	3735.000000	4417.000000	5250.000000	2715.000000	5971.000000	8256.000000	4101.000000	4463.000000	478.000000	2900.000000	5437.000000	8243.000000	4027.000000	6029.000000	
