58

19783

1127.000000

20466

2	2	2	1	2	2	1	0	1	2	2	0	1	2	2	1	2	2	2	1	0	0	2	2	0	2	2	2	2	2	1	1	2	2	2	2	2	1	2	0	2	1	2	2	0	0	2	2	2	1	2	2	1	2	2	0	0	0	

0	0	0	983	0	0	2648	317	931	0	0	444	873	0	0	513	0	0	0	1082	504	307	0	0	947	0	0	0	0	0	1940	1034	0	0	0	0	0	1256	0	879	0	1639	0	0	651	800	0	0	0	1083	0	0	836	0	0	779	514	478	

870000.000000	2635.000000	2713.000000	2437.000000	1600.000000	2845.000000	6002.000000	1743.000000	594.000000	2182.000000	2906.000000	1658.000000	464.000000	3334.000000	3987.000000	2870.000000	2601.000000	330.000000	3049.000000	1302.000000	3399.000000	1946.000000	1278.000000	669.000000	627.000000	2878.000000	1737.000000	3124.000000	2878.000000	307.000000	5217.000000	799.000000	3305.000000	3716.000000	2251.000000	2878.000000	3467.000000	4316.000000	2963.000000	512.000000	2515.000000	4850.000000	1937.000000	367.000000	3601.000000	3936.000000	2430.000000	2691.000000	2087.000000	1861.000000	2358.000000	2263.000000	1425.000000	2266.000000	2166.000000	3870.000000	1417.000000	739.000000	
2635.000000	870000.000000	314.000000	2636.000000	666.000000	1096.000000	4645.000000	693.000000	2889.000000	287.000000	772.000000	1135.000000	2875.000000	1424.000000	2185.000000	1193.000000	846.000000	2142.000000	1127.000000	3104.000000	1484.000000	490.000000	990.000000	1950.000000	2855.000000	975.000000	926.000000	1214.000000	599.000000	2535.000000	3860.000000	3027.000000	1407.000000	1811.000000	359.000000	1060.000000	1557.000000	2959.000000	394.000000	2740.000000	98.000000	3538.000000	856.000000	2026.000000	1710.000000	1733.000000	508.000000	194.000000	532.000000	2906.000000	435.000000	335.000000	2470.000000	137.000000	234.000000	2072.000000	1196.000000	1517.000000	
2713.000000	314.000000	870000.000000	2730.000000	706.000000	791.000000	4588.000000	922.000000	2991.000000	217.000000	760.000000	1050.000000	2915.000000	1119.000000	1776.000000	1451.000000	5410.000000	2182.000000	846.000000	3333.000000	578.000000	721.000000	1030.000000	1990.000000	2895.000000	670.000000	835.000000	909.000000	287.000000	2575.000000	3803.000000	3067.000000	1102.000000	1505.000000	158.000000	439.000000	1248.000000	2902.000000	287.000000	2780.000000	276.000000	3436.000000	771.000000	2066.000000	1395.000000	1740.000000	407.000000	279.000000	334.000000	3135.000000	337.000000	235.000000	2699.000000	451.000000	546.000000	1882.000000	2699.000000	1557.000000	
2437.000000	2636.000000	2730.000000	870000.000000	2824.000000	3457.000000	6083.000000	2120.000000	2040.000000	2844.000000	2973.000000	3937.000000	1958.000000	3710.000000	4363.000000	2941.000000	3207.000000	1991.000000	3512.000000	1571.000000	3392.000000	2013.000000	2922.000000	2368.000000	2170.000000	3336.000000	3503.000000	3500.000000	2884.000000	2109.000000	5298.000000	2108.000000	3643.000000	4092.000000	2934.000000	3093.000000	3843.000000	4391.000000	2763.000000	2083.000000	2543.000000	4925.000000	3236.000000	2107.000000	3939.000000	4274.000000	3008.000000	2522.000000	3006.000000	806.000000	2936.000000	3026.000000	947.000000	2464.000000	2364.000000	4208.000000	3116.000000	2390.000000	
1600.000000	666.000000	706.000000	2824.000000	870000.000000	1247.000000	4746.000000	716.000000	2223.000000	584.000000	1442.000000	694.000000	2089.000000	1577.000000	2230.000000	1609.000000	1003.000000	1260.000000	1297.000000	2535.000000	1511.000000	908.000000	324.000000	1116.000000	2183.000000	1126.000000	260.000000	1367.000000	996.000000	1863.000000	3961.000000	2355.000000	1565.000000	1959.000000	660.000000	1106.000000	1710.000000	3060.000000	991.000000	2068.000000	523.000000	3594.000000	434.000000	1354.000000	1861.000000	2196.000000	658.000000	750.000000	563.000000	2929.000000	586.000000	668.000000	2493.000000	494.000000	557.000000	2130.000000	524.000000	851.000000	
2845.000000	1096.000000	791.000000	3457.000000	1247.000000	870000.000000	5126.000000	1653.000000	3545.000000	708.000000	1298.000000	1342.000000	3451.000000	347.000000	1126.000000	1989.000000	250.000000	2736.000000	138.000000	3786.000000	888.000000	1452.000000	1671.000000	2336.000000	3431.000000	124.000000	1165.000000	189.000000	640.000000	3110.000000	4341.000000	3603.000000	489.000000	855.000000	730.000000	364.000000	598.000000	3440.000000	841.000000	3316.000000	919.000000	3974.000000	1063.000000	2620.000000	940.000000	1090.000000	722.000000	921.000000	761.000000	3866.000000	652.000000	754.000000	3430.000000	1096.000000	1191.000000	1232.000000	1582.000000	2098.000000	
6002.000000	4645.000000	4588.000000	6083.000000	4746.000000	5126.000000	870000.000000	4267.000000	6553.000000	4826.000000	3830.000000	5951.000000	6417.000000	5423.000000	6089.000000	3142.000000	4876.000000	5676.000000	5181.000000	6678.000000	4720.000000	4074.000000	5071.000000	5724.000000	6675.000000	5000.000000	4993.000000	5221.000000	4494.000000	6265.000000	785.000000	6776.000000	5265.000000	5756.000000	4628.000000	4747.000000	5511.000000	1686.000000	4276.000000	6472.000000	4447.000000	2230.000000	5167.000000	5784.000000	5561.000000	5891.000000	4902.000000	4353.000000	4922.000000	6480.000000	4759.000000	4771.000000	6044.000000	4299.000000	4199.000000	5830.000000	5271.000000	5404.000000	
1743.000000	693.000000	922.000000	2120.000000	716.000000	1653.000000	4267.000000	870000.000000	2296.000000	923.000000	1175.000000	1282.000000	2162.000000	1906.000000	2559.000000	1133.000000	1352.000000	1422.000000	1651.000000	2423.000000	1588.000000	209.000000	1030.000000	1461.000000	2420.000000	1538.000000	965.000000	1716.000000	1112.000000	2010.000000	3482.000000	2521.000000	1839.000000	2288.000000	1000.000000	1289.000000	2039.000000	2551.000000	955.000000	2217.000000	715.000000	3125.000000	1145.000000	1529.000000	2131.000000	2466.000000	1087.000000	718.000000	1083.000000	2225.000000	1015.000000	960.000000	1789.000000	537.000000	436.000000	2400.000000	1238.000000	1199.000000	
594.000000	2889.000000	2991.000000	2040.000000	2223.000000	3545.000000	6553.000000	2296.000000	870000.000000	2869.000000	3459.000000	2366.000000	147.000000	3741.000000	4399.000000	3417.000000	3163.000000	924.000000	3462.000000	681.000000	3734.000000	2493.000000	1934.000000	1377.000000	130.000000	3402.000000	2449.000000	3531.000000	3219.000000	343.000000	5766.000000	228.000000	3724.000000	4128.000000	2883.000000	3277.000000	3870.000000	4835.000000	3214.000000	184.000000	2746.000000	4875.000000	2492.000000	925.000000	4017.000000	4362.000000	2985.000000	2973.000000	2831.000000	1544.000000	2913.000000	2891.000000	1103.000000	2717.000000	2655.000000	4504.000000	1972.000000	1447.000000	
2182.000000	287.000000	217.000000	2844.000000	584.000000	708.000000	4826.000000	923.000000	2869.000000	870000.000000	1004.000000	781.000000	2793.000000	1036.000000	1694.000000	1694.000000	458.000000	1844.000000	757.000000	3125.000000	1096.000000	827.000000	908.000000	1702.000000	2773.000000	587.000000	844.000000	826.000000	455.000000	2453.000000	4041.000000	2945.000000	1019.000000	1423.000000	75.000000	572.000000	1165.000000	3140.000000	560.000000	2658.000000	227.000000	3674.000000	502.000000	1944.000000	1312.000000	1650.000000	170.000000	383.000000	169.000000	3136.000000	98.000000	80.000000	2700.000000	411.000000	508.000000	1584.000000	948.000000	1435.000000	
2906.000000	772.000000	760.000000	2973.000000	1442.000000	1298.000000	3830.000000	1175.000000	3459.000000	1004.000000	870000.000000	2128.000000	3322.000000	1609.000000	2266.000000	693.000000	1041.000000	2585.000000	1353.000000	3586.000000	887.000000	974.000000	2553.000000	2624.000000	3583.000000	1177.000000	1488.000000	1398.000000	673.000000	3173.000000	3045.000000	3684.000000	1444.000000	1935.000000	941.000000	926.000000	1686.000000	2149.000000	455.000000	3380.000000	894.000000	2688.000000	1433.000000	2692.000000	1740.000000	2070.000000	1081.000000	696.000000	1101.000000	3388.000000	1009.000000	950.000000	2952.000000	1063.000000	964.000000	2009.000000	1972.000000	2286.000000	
1658.000000	1135.000000	1050.000000	3937.000000	694.000000	1342.000000	5951.000000	1282.000000	2366.000000	781.000000	2128.000000	870000.000000	2265.000000	1695.000000	2353.000000	2819.000000	1117.000000	1557.000000	1416.000000	2636.000000	1755.000000	1608.000000	456.000000	1002.000000	2245.000000	1246.000000	257.000000	1485.000000	1225.000000	1925.000000	5166.000000	2417.000000	1678.000000	2082.000000	871.000000	1231.000000	1824.000000	4265.000000	1290.000000	2130.000000	1019.000000	4799.000000	279.000000	1441.000000	1971.000000	2309.000000	772.000000	1148.000000	618.000000	2844.000000	700.000000	802.000000	2413.000000	1188.000000	1248.000000	2243.000000	248.000000	1210.000000	
464.000000	2875.000000	2915.000000	1958.000000	2089.000000	3451.000000	6417.000000	2162.000000	147.000000	2793.000000	3322.000000	2265.000000	870000.000000	3607.000000	4265.000000	3283.000000	3029.000000	931.000000	3328.000000	817.000000	3600.000000	2359.000000	1876.000000	1267.000000	200.000000	3158.000000	2339.000000	3397.000000	3120.000000	211.000000	5632.000000	366.000000	3590.000000	4004.000000	2766.000000	3134.000000	3736.000000	4701.000000	3185.000000	135.000000	2914.000000	5274.000000	2267.000000	815.000000	3883.000000	4221.000000	2667.000000	3043.000000	2606.000000	1451.000000	2595.000000	2697.000000	1011.000000	2563.000000	2623.000000	4155.000000	1834.000000	1337.000000	
3334.000000	1424.000000	1119.000000	3710.000000	1577.000000	347.000000	5423.000000	1906.000000	3741.000000	1036.000000	1609.000000	1695.000000	3607.000000	870000.000000	665.000000	2300.000000	578.000000	2845.000000	474.000000	4116.000000	1216.000000	1705.000000	1901.000000	2693.000000	3848.000000	652.000000	1480.000000	224.000000	968.000000	3547.000000	4648.000000	4020.000000	176.000000	394.000000	1153.000000	692.000000	137.000000	3752.000000	1169.000000	3744.000000	1301.000000	4291.000000	1420.000000	3047.000000	479.000000	629.000000	1059.000000	1249.000000	1079.000000	4119.000000	982.000000	967.000000	3683.000000	1424.000000	1421.000000	771.000000	1939.000000	2901.000000	
3987.000000	2185.000000	1776.000000	4363.000000	2230.000000	1126.000000	6089.000000	2559.000000	4399.000000	1694.000000	2266.000000	2353.000000	4265.000000	665.000000	870000.000000	2957.000000	1236.000000	3706.000000	992.000000	4774.000000	1471.000000	2358.000000	2654.000000	3346.000000	4589.000000	1177.000000	2151.000000	887.000000	1564.000000	4099.000000	5304.000000	4591.000000	818.000000	262.000000	1716.000000	1350.000000	528.000000	4408.000000	1827.000000	4306.000000	1905.000000	4947.000000	2073.000000	3590.000000	562.000000	607.000000	1717.000000	2093.000000	1742.000000	4772.000000	1645.000000	1747.000000	4036.000000	2082.000000	2179.000000	760.000000	2592.000000	3554.000000	
2870.000000	1193.000000	1451.000000	2941.000000	1609.000000	1989.000000	3142.000000	1133.000000	3417.000000	1694.000000	693.000000	2819.000000	3283.000000	2300.000000	2957.000000	870000.000000	1734.000000	2543.000000	2044.000000	3544.000000	1578.000000	932.000000	1939.000000	2582.000000	3304.000000	1868.000000	1861.000000	2089.000000	1362.000000	3131.000000	2357.000000	3642.000000	2133.000000	2624.000000	1491.000000	1615.000000	2379.000000	1456.000000	1144.000000	3338.000000	1310.000000	1990.000000	2035.000000	2650.000000	2429.000000	2759.000000	1770.000000	1216.000000	1790.000000	3346.000000	1622.000000	1639.000000	2910.000000	1162.000000	1062.000000	2698.000000	2139.000000	2278.000000	
2601.000000	846.000000	5410.000000	3207.000000	1003.000000	250.000000	4876.000000	1352.000000	3163.000000	458.000000	1041.000000	1117.000000	3029.000000	578.000000	1236.000000	1734.000000	870000.000000	2267.000000	300.000000	3542.000000	638.000000	1202.000000	1328.000000	2094.000000	3187.000000	129.000000	915.000000	368.000000	390.000000	2866.000000	4091.000000	3359.000000	561.000000	965.000000	480.000000	114.000000	711.000000	3190.000000	591.000000	3072.000000	669.000000	3724.000000	846.000000	2379.000000	854.000000	1192.000000	392.000000	671.000000	511.000000	3565.000000	408.000000	388.000000	3129.000000	846.000000	950.000000	1126.000000	1347.000000	1860.000000	
330.000000	2142.000000	2182.000000	1991.000000	1260.000000	2736.000000	5676.000000	1422.000000	924.000000	1844.000000	2585.000000	1557.000000	931.000000	2845.000000	3706.000000	2543.000000	2267.000000	870000.000000	2566.000000	1273.000000	2905.000000	1619.000000	1175.000000	564.000000	1068.000000	2600.000000	1638.000000	2841.000000	2470.000000	770.000000	5113.000000	1240.000000	3039.000000	3433.000000	2134.000000	2580.000000	3184.000000	4182.000000	2465.000000	953.000000	1997.000000	4756.000000	1834.000000	114.000000	3335.000000	3670.000000	2388.000000	2349.000000	1984.000000	1715.000000	2068.000000	2074.000000	1284.000000	1968.000000	2031.000000	3604.000000	1340.000000	636.000000	
3049.000000	1127.000000	846.000000	3512.000000	1297.000000	138.000000	5181.000000	1651.000000	3462.000000	757.000000	1353.000000	1416.000000	3328.000000	474.000000	992.000000	2044.000000	300.000000	2566.000000	870000.000000	3841.000000	945.000000	1507.000000	1627.000000	2393.000000	3486.000000	178.000000	1214.000000	254.000000	652.000000	3165.000000	4396.000000	3658.000000	531.000000	730.000000	1079.000000	374.000000	476.000000	3495.000000	856.000000	3371.000000	968.000000	4029.000000	1140.000000	2678.000000	806.000000	960.000000	691.000000	978.000000	810.000000	3864.000000	707.000000	687.000000	3428.000000	1145.000000	1249.000000	1096.000000	1646.000000	2159.000000	
1302.000000	3104.000000	3333.000000	1571.000000	2535.000000	3786.000000	6678.000000	2423.000000	681.000000	3125.000000	3586.000000	2636.000000	817.000000	4116.000000	4774.000000	3544.000000	3542.000000	1273.000000	3841.000000	870000.000000	3998.000000	2620.000000	2217.000000	1647.000000	693.000000	3665.000000	2676.000000	3906.000000	3487.000000	1052.000000	5893.000000	537.000000	4108.000000	4503.000000	3201.000000	3635.000000	4249.000000	4962.000000	3366.000000	800.000000	3064.000000	5536.000000	2804.000000	1385.000000	4401.000000	4739.000000	3199.000000	3129.000000	3032.000000	1070.000000	3122.000000	3209.000000	634.000000	2948.000000	2846.000000	4673.000000	2395.000000	1681.000000	
3399.000000	1484.000000	578.000000	3392.000000	1511.000000	888.000000	4720.000000	1588.000000	3734.000000	1096.000000	887.000000	1755.000000	3600.000000	1216.000000	1471.000000	1578.000000	638.000000	2905.000000	945.000000	3998.000000	870000.000000	1383.000000	1835.000000	2627.000000	3846.000000	767.000000	1771.000000	788.000000	520.000000	3380.000000	3925.000000	3872.000000	938.000000	1200.000000	842.000000	524.000000	943.000000	3024.000000	607.000000	3585.000000	892.000000	3558.000000	1470.000000	2871.000000	1288.000000	1438.000000	1118.000000	742.000000	1143.000000	3801.000000	1046.000000	976.000000	3365.000000	1076.000000	1174.000000	1185.000000	1989.000000	2951.000000	
1946.000000	490.000000	721.000000	2013.000000	908.000000	1452.000000	4074.000000	209.000000	2493.000000	827.000000	974.000000	1608.000000	2359.000000	1705.000000	2358.000000	932.000000	1202.000000	1619.000000	1507.000000	2620.000000	1383.000000	870000.000000	1238.000000	1612.000000	2617.000000	1332.000000	1174.000000	1495.000000	875.000000	2211.000000	3289.000000	2718.000000	1634.000000	2087.000000	774.000000	1109.000000	1838.000000	2388.000000	754.000000	2414.000000	607.000000	2922.000000	1348.000000	1726.000000	1930.000000	2265.000000	991.000000	517.000000	983.000000	2422.000000	919.000000	880.000000	1986.000000	459.000000	359.000000	2199.000000	1438.000000	1350.000000	
1278.000000	990.000000	1030.000000	2922.000000	324.000000	1671.000000	5071.000000	1030.000000	1934.000000	908.000000	2553.000000	456.000000	1876.000000	1901.000000	2654.000000	1939.000000	1328.000000	1175.000000	1627.000000	2217.000000	1835.000000	1238.000000	870000.000000	801.000000	1865.000000	1450.000000	554.000000	2243.000000	1546.000000	1545.000000	4286.000000	2037.000000	1889.000000	2293.000000	984.000000	1542.000000	2040.000000	3385.000000	1315.000000	1750.000000	847.000000	3919.000000	600.000000	1061.000000	2182.000000	2510.000000	1093.000000	1074.000000	887.000000	2425.000000	1021.000000	992.000000	1994.000000	818.000000	881.000000	2454.000000	432.000000	1394.000000	
669.000000	1950.000000	1990.000000	2368.000000	1116.000000	2336.000000	5724.000000	1461.000000	1377.000000	1702.000000	2624.000000	1002.000000	1267.000000	2693.000000	3346.000000	2582.000000	2094.000000	564.000000	2393.000000	1647.000000	2627.000000	1612.000000	801.000000	870000.000000	1256.000000	2083.000000	1252.000000	2324.000000	2058.000000	936.000000	4929.000000	1428.000000	2517.000000	2686.000000	1841.000000	2057.000000	2806.000000	4038.000000	2123.000000	1141.000000	1849.000000	4572.000000	1275.000000	452.000000	2805.000000	3143.000000	1610.000000	2020.000000	1612.000000	1869.000000	1542.000000	1642.000000	1422.000000	1748.000000	1811.000000	3082.000000	754.000000	259.000000	
627.000000	2855.000000	2895.000000	2170.000000	2183.000000	3431.000000	6675.000000	2420.000000	130.000000	2773.000000	3583.000000	2245.000000	200.000000	3848.000000	4589.000000	3304.000000	3187.000000	1068.000000	3486.000000	693.000000	3846.000000	2617.000000	1865.000000	1256.000000	870000.000000	3310.000000	2324.000000	3551.000000	3185.000000	372.000000	5890.000000	190.000000	3754.000000	4148.000000	2849.000000	3295.000000	3899.000000	4959.000000	3180.000000	125.000000	2712.000000	5533.000000	2524.000000	954.000000	4050.000000	4385.000000	2836.000000	2939.000000	2644.000000	1669.000000	2764.000000	2857.000000	1233.000000	2683.000000	2746.000000	4319.000000	2004.000000	1326.000000	
2878.000000	975.000000	670.000000	3336.000000	1126.000000	124.000000	5000.000000	1538.000000	3402.000000	587.000000	1177.000000	1246.000000	3158.000000	652.000000	1177.000000	1868.000000	129.000000	2600.000000	178.000000	3665.000000	767.000000	1332.000000	1450.000000	2083.000000	3310.000000	870000.000000	1044.000000	432.000000	519.000000	2995.000000	4215.000000	3487.000000	709.000000	908.000000	609.000000	243.000000	639.000000	3314.000000	720.000000	3200.000000	798.000000	3848.000000	969.000000	2486.000000	984.000000	1138.000000	528.000000	800.000000	640.000000	3751.000000	536.000000	517.000000	3315.000000	975.000000	1078.000000	1274.000000	1329.000000	1189.000000	
1737.000000	926.000000	835.000000	3503.000000	260.000000	1165.000000	4993.000000	965.000000	2449.000000	844.000000	1488.000000	257.000000	2339.000000	1480.000000	2151.000000	1861.000000	915.000000	1638.000000	1214.000000	2676.000000	1771.000000	1174.000000	554.000000	1252.000000	2324.000000	1044.000000	870000.000000	1275.000000	1023.000000	2004.000000	4208.000000	2496.000000	1468.000000	1637.000000	669.000000	1022.000000	1627.000000	3307.000000	1088.000000	2209.000000	783.000000	3841.000000	184.000000	1524.000000	1756.000000	2094.000000	570.000000	946.000000	523.000000	3178.000000	498.000000	600.000000	2742.000000	754.000000	817.000000	2033.000000	498.000000	1460.000000	
3124.000000	1214.000000	909.000000	3500.000000	1367.000000	189.000000	5221.000000	1716.000000	3531.000000	826.000000	1398.000000	1485.000000	3397.000000	224.000000	887.000000	2089.000000	368.000000	2841.000000	254.000000	3906.000000	788.000000	1495.000000	2243.000000	2324.000000	3551.000000	432.000000	1275.000000	870000.000000	758.000000	3236.000000	4436.000000	4225.000000	283.000000	606.000000	848.000000	482.000000	359.000000	3535.000000	959.000000	3441.000000	1037.000000	4069.000000	1210.000000	2727.000000	701.000000	851.000000	702.000000	1039.000000	879.000000	3929.000000	777.000000	756.000000	3493.000000	1214.000000	1311.000000	1494.000000	1570.000000	2532.000000	
2878.000000	599.000000	287.000000	2884.000000	996.000000	640.000000	4494.000000	1112.000000	3219.000000	455.000000	673.000000	1225.000000	3120.000000	968.000000	1564.000000	1362.000000	390.000000	2470.000000	652.000000	3487.000000	520.000000	875.000000	1546.000000	2058.000000	3185.000000	519.000000	1023.000000	758.000000	870000.000000	2865.000000	3709.000000	3036.000000	478.000000	1293.000000	354.000000	274.000000	1036.000000	2808.000000	366.000000	3070.000000	447.000000	3342.000000	949.000000	2356.000000	708.000000	837.000000	577.000000	367.000000	623.000000	3325.000000	525.000000	523.000000	2889.000000	631.000000	728.000000	1635.000000	1304.000000	2266.000000	
307.000000	2535.000000	2575.000000	2109.000000	1863.000000	3110.000000	6265.000000	2010.000000	343.000000	2453.000000	3173.000000	1925.000000	211.000000	3547.000000	4099.000000	3131.000000	2866.000000	770.000000	3165.000000	1052.000000	3380.000000	2211.000000	1545.000000	936.000000	372.000000	2995.000000	2004.000000	3236.000000	2865.000000	870000.000000	5480.000000	549.000000	3434.000000	3828.000000	2529.000000	2975.000000	3579.000000	4549.000000	2860.000000	257.000000	2392.000000	5123.000000	2204.000000	656.000000	3730.000000	4065.000000	2527.000000	2619.000000	2354.000000	1608.000000	2444.000000	2537.000000	1172.000000	2406.000000	2305.000000	3999.000000	1684.000000	1006.000000	
5217.000000	3860.000000	3803.000000	5298.000000	3961.000000	4341.000000	785.000000	3482.000000	5766.000000	4041.000000	3045.000000	5166.000000	5632.000000	4648.000000	5304.000000	2357.000000	4091.000000	5113.000000	4396.000000	5893.000000	3925.000000	3289.000000	4286.000000	4929.000000	5890.000000	4215.000000	4208.000000	4436.000000	3709.000000	5480.000000	870000.000000	5991.000000	4480.000000	4971.000000	3843.000000	3962.000000	4791.000000	901.000000	3491.000000	5687.000000	3662.000000	1445.000000	4615.000000	4999.000000	4776.000000	5106.000000	4117.000000	3568.000000	4137.000000	5695.000000	3969.000000	3986.000000	5259.000000	3514.000000	3414.000000	5045.000000	4708.000000	4619.000000	
799.000000	3027.000000	3067.000000	2108.000000	2355.000000	3603.000000	6776.000000	2521.000000	228.000000	2945.000000	3684.000000	2417.000000	366.000000	4020.000000	4591.000000	3642.000000	3359.000000	1240.000000	3658.000000	537.000000	3872.000000	2718.000000	2037.000000	1428.000000	190.000000	3487.000000	2496.000000	4225.000000	3036.000000	549.000000	5991.000000	870000.000000	3926.000000	4320.000000	3021.000000	3467.000000	4171.000000	5060.000000	3352.000000	297.000000	2884.000000	5634.000000	2696.000000	1126.000000	4222.000000	4557.000000	3008.000000	3114.000000	2846.000000	1607.000000	2936.000000	3162.000000	1171.000000	2855.000000	2918.000000	4491.000000	2176.000000	1498.000000	
3305.000000	1407.000000	1102.000000	3643.000000	1565.000000	489.000000	5265.000000	1839.000000	3724.000000	1019.000000	1444.000000	1678.000000	3590.000000	176.000000	818.000000	2133.000000	561.000000	3039.000000	531.000000	4108.000000	938.000000	1634.000000	1889.000000	2517.000000	3754.000000	709.000000	1468.000000	283.000000	478.000000	3434.000000	4480.000000	3926.000000	870000.000000	547.000000	1041.000000	675.000000	290.000000	3579.000000	1152.000000	3639.000000	1230.000000	4113.000000	1402.000000	2925.000000	213.000000	435.000000	802.000000	1232.000000	1072.000000	4052.000000	970.000000	949.000000	3616.000000	1407.000000	1511.000000	413.000000	1763.000000	2725.000000	
3716.000000	1811.000000	1505.000000	4092.000000	1959.000000	855.000000	5756.000000	2288.000000	4128.000000	1423.000000	1935.000000	2082.000000	4004.000000	394.000000	262.000000	2624.000000	965.000000	3433.000000	730.000000	4503.000000	1200.000000	2087.000000	2293.000000	2686.000000	4148.000000	908.000000	1637.000000	606.000000	1293.000000	3828.000000	4971.000000	4320.000000	547.000000	870000.000000	1444.000000	1016.000000	257.000000	4002.000000	1493.000000	4041.000000	1638.000000	4604.000000	1802.000000	3319.000000	354.000000	229.000000	1356.000000	1849.000000	1475.000000	4501.000000	1139.000000	1352.000000	4065.000000	1839.000000	1931.000000	300.000000	1932.000000	2899.000000	
2251.000000	359.000000	158.000000	2934.000000	660.000000	730.000000	4628.000000	1000.000000	2883.000000	75.000000	941.000000	871.000000	2766.000000	1153.000000	1716.000000	1491.000000	480.000000	2134.000000	1079.000000	3201.000000	842.000000	774.000000	984.000000	1841.000000	2849.000000	609.000000	669.000000	848.000000	354.000000	2529.000000	3843.000000	3021.000000	1041.000000	1444.000000	870000.000000	594.000000	1187.000000	2942.000000	329.000000	2734.000000	148.000000	3476.000000	567.000000	2020.000000	1335.000000	1672.000000	243.000000	287.000000	268.000000	3213.000000	171.000000	107.000000	2777.000000	315.000000	419.000000	1606.000000	1087.000000	2049.000000	
2878.000000	1060.000000	439.000000	3093.000000	1106.000000	364.000000	4747.000000	1289.000000	3277.000000	572.000000	926.000000	1231.000000	3134.000000	692.000000	1350.000000	1615.000000	114.000000	2580.000000	374.000000	3635.000000	524.000000	1109.000000	1542.000000	2057.000000	3295.000000	243.000000	1022.000000	482.000000	274.000000	2975.000000	3962.000000	3467.000000	675.000000	1016.000000	594.000000	870000.000000	759.000000	3061.000000	705.000000	3180.000000	635.000000	3595.000000	971.000000	2466.000000	968.000000	1306.000000	506.000000	705.000000	625.000000	3502.000000	524.000000	502.000000	3066.000000	960.000000	1064.000000	1240.000000	1303.000000	1974.000000	
3467.000000	1557.000000	1248.000000	3843.000000	1710.000000	598.000000	5511.000000	2039.000000	3870.000000	1165.000000	1686.000000	1824.000000	3736.000000	137.000000	528.000000	2379.000000	711.000000	3184.000000	476.000000	4249.000000	943.000000	1838.000000	2040.000000	2806.000000	3899.000000	639.000000	1627.000000	359.000000	1036.000000	3579.000000	4791.000000	4171.000000	290.000000	257.000000	1187.000000	759.000000	870000.000000	3825.000000	1236.000000	3784.000000	1381.000000	4359.000000	1553.000000	3070.000000	342.000000	492.000000	1099.000000	1592.000000	1218.000000	4252.000000	1115.000000	1095.000000	3816.000000	1560.000000	1672.000000	634.000000	1908.000000	2570.000000	
4316.000000	2959.000000	2902.000000	4391.000000	3060.000000	3440.000000	1686.000000	2551.000000	4835.000000	3140.000000	2149.000000	4265.000000	4701.000000	3752.000000	4408.000000	1456.000000	3190.000000	4182.000000	3495.000000	4962.000000	3024.000000	2388.000000	3385.000000	4038.000000	4959.000000	3314.000000	3307.000000	3535.000000	2808.000000	4549.000000	901.000000	5060.000000	3579.000000	4002.000000	2942.000000	3061.000000	3825.000000	870000.000000	2590.000000	4848.000000	2761.000000	544.000000	3481.000000	4068.000000	3875.000000	4505.000000	3145.000000	2667.000000	3236.000000	4764.000000	3073.000000	3083.000000	4328.000000	2613.000000	2513.000000	4144.000000	3590.000000	3718.000000	
2963.000000	394.000000	287.000000	2763.000000	991.000000	841.000000	4276.000000	955.000000	3214.000000	560.000000	455.000000	1290.000000	3185.000000	1169.000000	1827.000000	1144.000000	591.000000	2465.000000	856.000000	3366.000000	607.000000	754.000000	1315.000000	2123.000000	3180.000000	720.000000	1088.000000	959.000000	366.000000	2860.000000	3491.000000	3352.000000	1152.000000	1493.000000	329.000000	705.000000	1236.000000	2590.000000	870000.000000	3065.000000	432.000000	3124.000000	1014.000000	2351.000000	1445.000000	1783.000000	602.000000	345.000000	688.000000	3168.000000	590.000000	488.000000	2732.000000	498.000000	589.000000	1717.000000	1369.000000	2331.000000	
512.000000	2740.000000	2780.000000	2083.000000	2068.000000	3316.000000	6472.000000	2217.000000	184.000000	2658.000000	3380.000000	2130.000000	135.000000	3744.000000	4306.000000	3338.000000	3072.000000	953.000000	3371.000000	800.000000	3585.000000	2414.000000	1750.000000	1141.000000	125.000000	3200.000000	2209.000000	3441.000000	3070.000000	257.000000	5687.000000	297.000000	3639.000000	4041.000000	2734.000000	3180.000000	3784.000000	4848.000000	3065.000000	870000.000000	2597.000000	5330.000000	2409.000000	839.000000	3935.000000	4270.000000	2721.000000	2923.000000	2559.000000	1582.000000	2649.000000	2753.000000	1146.000000	2568.000000	2651.000000	4204.000000	1889.000000	1211.000000	
2515.000000	98.000000	276.000000	2543.000000	523.000000	919.000000	4447.000000	715.000000	2746.000000	227.000000	894.000000	1019.000000	2914.000000	1301.000000	1905.000000	1310.000000	669.000000	1997.000000	968.000000	3064.000000	892.000000	607.000000	847.000000	1849.000000	2712.000000	798.000000	783.000000	1037.000000	447.000000	2392.000000	3662.000000	2884.000000	1230.000000	1638.000000	148.000000	635.000000	1381.000000	2761.000000	432.000000	2597.000000	870000.000000	3294.000000	722.000000	1883.000000	1423.000000	1783.000000	391.000000	192.000000	416.000000	2928.000000	319.000000	217.000000	2492.000000	184.000000	282.000000	1795.000000	1095.000000	2042.000000	
4850.000000	3538.000000	3436.000000	4925.000000	3594.000000	3974.000000	2230.000000	3125.000000	4875.000000	3674.000000	2688.000000	4799.000000	5274.000000	4291.000000	4947.000000	1990.000000	3724.000000	4756.000000	4029.000000	5536.000000	3558.000000	2922.000000	3919.000000	4572.000000	5533.000000	3848.000000	3841.000000	4069.000000	3342.000000	5123.000000	1445.000000	5634.000000	4113.000000	4604.000000	3476.000000	3595.000000	4359.000000	544.000000	3124.000000	5330.000000	3294.000000	870000.000000	4015.000000	4642.000000	4409.000000	4739.000000	3750.000000	3201.000000	3770.000000	5338.000000	3607.000000	3617.000000	4902.000000	3147.000000	3047.000000	4678.000000	4124.000000	4252.000000	
1937.000000	856.000000	771.000000	3236.000000	434.000000	1063.000000	5167.000000	1145.000000	2492.000000	502.000000	1433.000000	279.000000	2267.000000	1420.000000	2073.000000	2035.000000	846.000000	1834.000000	1140.000000	2804.000000	1470.000000	1348.000000	600.000000	1275.000000	2524.000000	969.000000	184.000000	1210.000000	949.000000	2204.000000	4615.000000	2696.000000	1402.000000	1802.000000	567.000000	971.000000	1553.000000	3481.000000	1014.000000	2409.000000	722.000000	4015.000000	870000.000000	1720.000000	1698.000000	2037.000000	554.000000	852.000000	339.000000	3004.000000	429.000000	533.000000	2571.000000	889.000000	993.000000	1967.000000	527.000000	1123.000000	
367.000000	2026.000000	2066.000000	2107.000000	1354.000000	2620.000000	5784.000000	1529.000000	925.000000	1944.000000	2692.000000	1441.000000	815.000000	3047.000000	3590.000000	2650.000000	2379.000000	114.000000	2678.000000	1385.000000	2871.000000	1726.000000	1061.000000	452.000000	954.000000	2486.000000	1524.000000	2727.000000	2356.000000	656.000000	4999.000000	1126.000000	2925.000000	3319.000000	2020.000000	2466.000000	3070.000000	4068.000000	2351.000000	839.000000	1883.000000	4642.000000	1720.000000	870000.000000	3221.000000	3556.000000	2274.000000	2235.000000	1870.000000	1601.000000	1954.000000	1960.000000	1170.000000	1854.000000	1917.000000	3490.000000	1226.000000	522.000000	
3601.000000	1710.000000	1395.000000	3939.000000	1861.000000	940.000000	5561.000000	2131.000000	4017.000000	1312.000000	1740.000000	1971.000000	3883.000000	479.000000	562.000000	2429.000000	854.000000	3335.000000	806.000000	4401.000000	1288.000000	1930.000000	2182.000000	2805.000000	4050.000000	984.000000	1756.000000	701.000000	708.000000	3730.000000	4776.000000	4222.000000	213.000000	354.000000	1335.000000	968.000000	342.000000	3875.000000	1445.000000	3935.000000	1423.000000	4409.000000	1698.000000	3221.000000	870000.000000	273.000000	1340.000000	1525.000000	1355.000000	4344.000000	1258.000000	942.000000	3908.000000	1700.000000	1798.000000	312.000000	2051.000000	3033.000000	
3936.000000	1733.000000	1740.000000	4274.000000	2196.000000	1090.000000	5891.000000	2466.000000	4362.000000	1650.000000	2070.000000	2309.000000	4221.000000	629.000000	607.000000	2759.000000	1192.000000	3670.000000	960.000000	4739.000000	1438.000000	2265.000000	2510.000000	3143.000000	4385.000000	1138.000000	2094.000000	851.000000	837.000000	4065.000000	5106.000000	4557.000000	435.000000	229.000000	1672.000000	1306.000000	492.000000	4505.000000	1783.000000	4270.000000	1783.000000	4739.000000	2037.000000	3556.000000	273.000000	870000.000000	1668.000000	1863.000000	1693.000000	4679.000000	1596.000000	1580.000000	4243.000000	2038.000000	2134.000000	254.000000	2389.000000	3351.000000	
2430.000000	508.000000	407.000000	3008.000000	658.000000	722.000000	4902.000000	1087.000000	2985.000000	170.000000	1081.000000	772.000000	2667.000000	1059.000000	1717.000000	1770.000000	392.000000	2388.000000	691.000000	3199.000000	1118.000000	991.000000	1093.000000	1610.000000	2836.000000	528.000000	570.000000	702.000000	577.000000	2527.000000	4117.000000	3008.000000	802.000000	1356.000000	243.000000	506.000000	1099.000000	3145.000000	602.000000	2721.000000	391.000000	3750.000000	554.000000	2274.000000	1340.000000	1668.000000	870000.000000	520.000000	86.000000	3299.000000	72.000000	170.000000	2864.000000	558.000000	662.000000	1489.000000	856.000000	1434.000000	
2691.000000	194.000000	279.000000	2522.000000	750.000000	921.000000	4353.000000	718.000000	2973.000000	383.000000	696.000000	1148.000000	3043.000000	1249.000000	2093.000000	1216.000000	671.000000	2349.000000	978.000000	3129.000000	742.000000	517.000000	1074.000000	2020.000000	2939.000000	800.000000	946.000000	1039.000000	367.000000	2619.000000	3568.000000	3114.000000	1232.000000	1849.000000	287.000000	705.000000	1592.000000	2667.000000	345.000000	2923.000000	192.000000	3201.000000	852.000000	2235.000000	1525.000000	1863.000000	520.000000	870000.000000	543.000000	2931.000000	448.000000	342.000000	2495.000000	239.000000	288.000000	1797.000000	1266.000000	1878.000000	
2087.000000	532.000000	334.000000	3006.000000	563.000000	761.000000	4922.000000	1083.000000	2831.000000	169.000000	1101.000000	618.000000	2606.000000	1079.000000	1742.000000	1790.000000	511.000000	1984.000000	810.000000	3032.000000	1143.000000	983.000000	887.000000	1612.000000	2644.000000	640.000000	523.000000	879.000000	623.000000	2354.000000	4137.000000	2846.000000	1072.000000	1475.000000	268.000000	625.000000	1218.000000	3236.000000	688.000000	2559.000000	416.000000	3770.000000	339.000000	1870.000000	1355.000000	1693.000000	86.000000	543.000000	870000.000000	3295.000000	97.000000	199.000000	2859.000000	588.000000	692.000000	1637.000000	858.000000	1339.000000	
1861.000000	2906.000000	3135.000000	806.000000	2929.000000	3866.000000	6480.000000	2225.000000	1544.000000	3136.000000	3388.000000	2844.000000	1451.000000	4119.000000	4772.000000	3346.000000	3565.000000	1715.000000	3864.000000	1070.000000	3801.000000	2422.000000	2425.000000	1869.000000	1669.000000	3751.000000	3178.000000	3929.000000	3325.000000	1608.000000	5695.000000	1607.000000	4052.000000	4501.000000	3213.000000	3502.000000	4252.000000	4764.000000	3168.000000	1582.000000	2928.000000	5338.000000	3004.000000	1601.000000	4344.000000	4679.000000	3299.000000	2931.000000	3295.000000	870000.000000	3227.000000	3206.000000	446.000000	2750.000000	2649.000000	4617.000000	2417.000000	1882.000000	
2358.000000	435.000000	337.000000	2936.000000	586.000000	652.000000	4759.000000	1015.000000	2913.000000	98.000000	1009.000000	700.000000	2595.000000	982.000000	1645.000000	1622.000000	408.000000	2068.000000	707.000000	3122.000000	1046.000000	919.000000	1021.000000	1542.000000	2764.000000	536.000000	498.000000	777.000000	525.000000	2444.000000	3969.000000	2936.000000	970.000000	1139.000000	171.000000	524.000000	1115.000000	3073.000000	590.000000	2649.000000	319.000000	3607.000000	429.000000	1954.000000	1258.000000	1596.000000	72.000000	448.000000	97.000000	3227.000000	870000.000000	102.000000	2791.000000	486.000000	590.000000	1535.000000	8700.000000	1441.000000	
2263.000000	335.000000	235.000000	3026.000000	668.000000	754.000000	4771.000000	960.000000	2891.000000	80.000000	950.000000	802.000000	2697.000000	967.000000	1747.000000	1639.000000	388.000000	2074.000000	687.000000	3209.000000	976.000000	880.000000	992.000000	1642.000000	2857.000000	517.000000	600.000000	756.000000	523.000000	2537.000000	3986.000000	3162.000000	949.000000	1352.000000	107.000000	502.000000	1095.000000	3083.000000	488.000000	2753.000000	217.000000	3617.000000	533.000000	1960.000000	942.000000	1580.000000	170.000000	342.000000	199.000000	3206.000000	102.000000	870000.000000	2770.000000	389.000000	497.000000	1514.000000	888.000000	1543.000000	
1425.000000	2470.000000	2699.000000	947.000000	2493.000000	3430.000000	6044.000000	1789.000000	1103.000000	2700.000000	2952.000000	2413.000000	1011.000000	3683.000000	4036.000000	2910.000000	3129.000000	1284.000000	3428.000000	634.000000	3365.000000	1986.000000	1994.000000	1422.000000	1233.000000	3315.000000	2742.000000	3493.000000	2889.000000	1172.000000	5259.000000	1171.000000	3616.000000	4065.000000	2777.000000	3066.000000	3816.000000	4328.000000	2732.000000	1146.000000	2492.000000	4902.000000	2571.000000	1170.000000	3908.000000	4243.000000	2864.000000	2495.000000	2859.000000	446.000000	2791.000000	2770.000000	870000.000000	2314.000000	2213.000000	4181.000000	2105.000000	1446.000000	
2266.000000	137.000000	451.000000	2464.000000	494.000000	1096.000000	4299.000000	537.000000	2717.000000	411.000000	1063.000000	1188.000000	2563.000000	1424.000000	2082.000000	1162.000000	846.000000	1968.000000	1145.000000	2948.000000	1076.000000	459.000000	818.000000	1748.000000	2683.000000	975.000000	754.000000	1214.000000	631.000000	2406.000000	3514.000000	2855.000000	1407.000000	1839.000000	315.000000	960.000000	1560.000000	2613.000000	498.000000	2568.000000	184.000000	3147.000000	889.000000	1854.000000	1700.000000	2038.000000	558.000000	239.000000	588.000000	2750.000000	486.000000	389.000000	2314.000000	870000.000000	112.000000	1972.000000	994.000000	1345.000000	
2166.000000	234.000000	546.000000	2364.000000	557.000000	1191.000000	4199.000000	436.000000	2655.000000	508.000000	964.000000	1248.000000	2623.000000	1421.000000	2179.000000	1062.000000	950.000000	2031.000000	1249.000000	2846.000000	1174.000000	359.000000	881.000000	1811.000000	2746.000000	1078.000000	817.000000	1311.000000	728.000000	2305.000000	3414.000000	2918.000000	1511.000000	1931.000000	419.000000	1064.000000	1672.000000	2513.000000	589.000000	2651.000000	282.000000	3047.000000	993.000000	1917.000000	1798.000000	2134.000000	662.000000	288.000000	692.000000	2649.000000	590.000000	497.000000	2213.000000	112.000000	870000.000000	2076.000000	1057.000000	1408.000000	
3870.000000	2072.000000	1882.000000	4208.000000	2130.000000	1232.000000	5830.000000	2400.000000	4504.000000	1584.000000	2009.000000	2243.000000	4155.000000	771.000000	760.000000	2698.000000	1126.000000	3604.000000	1096.000000	4673.000000	1185.000000	2199.000000	2454.000000	3082.000000	4319.000000	1274.000000	2033.000000	1494.000000	1635.000000	3999.000000	5045.000000	4491.000000	413.000000	300.000000	1606.000000	1240.000000	634.000000	4144.000000	1717.000000	4204.000000	1795.000000	4678.000000	1967.000000	3490.000000	312.000000	254.000000	1489.000000	1797.000000	1637.000000	4617.000000	1535.000000	1514.000000	4181.000000	1972.000000	2076.000000	870000.000000	2328.000000	2986.000000	
1417.000000	1196.000000	2699.000000	3116.000000	524.000000	1582.000000	5271.000000	1238.000000	1972.000000	948.000000	1972.000000	248.000000	1834.000000	1939.000000	2592.000000	2139.000000	1347.000000	1340.000000	1646.000000	2395.000000	1989.000000	1438.000000	432.000000	754.000000	2004.000000	1329.000000	498.000000	1570.000000	1304.000000	1684.000000	4708.000000	2176.000000	1763.000000	1932.000000	1087.000000	1303.000000	1908.000000	3590.000000	1369.000000	1889.000000	1095.000000	4124.000000	527.000000	1226.000000	2051.000000	2389.000000	856.000000	1266.000000	858.000000	2417.000000	8700.000000	888.000000	2105.000000	994.000000	1057.000000	2328.000000	870000.000000	962.000000	
