137

242629

8299.000000

46122

1	1	1	1	1	2	1	1	2	2	2	2	2	2	2	2	2	2	2	2	2	2	2	2	2	2	2	2	2	2	2	2	2	2	2	2	2	2	2	2	2	2	2	2	2	2	2	2	2	2	2	2	2	0	0	0	0	0	0	0	0	0	0	0	0	0	0	0	0	0	0	0	0	0	0	0	0	0	0	0	0	0	0	0	0	0	0	0	0	0	0	0	0	0	0	0	0	0	1	1	1	1	1	1	1	1	1	1	1	1	1	1	1	1	1	1	1	1	1	1	1	1	1	1	1	1	1	1	1	1	1	1	1	1	1	1	1	

7912	7169	7193	5960	4631	0	4173	3659	0	0	0	0	0	0	0	0	0	0	0	0	0	0	0	0	0	0	0	0	0	0	0	0	0	0	0	0	0	0	0	0	0	0	0	0	0	0	0	0	0	0	0	0	0	2202	1994	2129	2258	2038	1993	1933	2020	1916	1760	1717	1654	1700	1667	1623	1611	1603	1578	1638	1602	1564	1541	1573	1615	1678	1817	1879	1833	1633	2382	2208	2029	1693	1589	1561	1619	1667	1681	1991	1792	1872	1893	1994	2182	2424	2585	2790	2868	3118	3180	3425	4444	4726	7175	7335	5317	5418	5020	4967	4607	4381	4342	3863	4004	4837	4744	4487	4488	4621	4440	4363	3717	3250	3727	3795	4234	4356	4130	3721	3435	3195	2851	2314	2489	

1575400.000000	876.000000	1169.000000	1766.000000	2993.000000	2869.000000	3092.000000	3473.000000	3240.000000	3853.000000	3071.000000	5034.000000	4989.000000	5053.000000	5005.000000	5482.000000	5536.000000	3186.000000	3326.000000	4153.000000	4213.000000	4722.000000	4894.000000	4225.000000	4962.000000	4533.000000	4959.000000	5313.000000	4270.000000	4475.000000	4708.000000	4948.000000	5222.000000	5525.000000	5887.000000	4815.000000	4984.000000	5145.000000	5517.000000	6117.000000	5036.000000	5336.000000	5309.000000	5860.000000	5458.000000	5519.000000	5626.000000	5665.000000	6309.000000	6835.000000	7008.000000	5654.000000	6063.000000	6151.000000	6618.000000	6522.000000	6583.000000	6851.000000	6919.000000	6939.000000	7189.000000	7179.000000	7300.000000	7075.000000	7419.000000	7642.000000	7785.000000	7811.000000	8049.000000	8430.000000	8691.000000	7033.000000	7218.000000	7592.000000	7768.000000	7871.000000	7989.000000	8100.000000	8684.000000	8893.000000	9084.000000	8692.000000	10080.000000	9886.000000	9609.000000	8932.000000	8723.000000	8646.000000	9047.000000	9274.000000	9309.000000	9276.000000	9627.000000	9846.000000	9880.000000	10257.000000	10513.000000	10997.000000	11353.000000	11648.000000	11778.000000	12092.000000	12187.000000	12448.000000	13457.000000	13656.000000	15458.000000	15754.000000	14288.000000	14383.000000	14040.000000	14004.000000	13687.000000	13472.000000	13394.000000	12960.000000	13068.000000	13797.000000	13633.000000	13383.000000	13280.000000	13261.000000	13058.000000	12947.000000	12674.000000	12112.000000	12467.000000	12445.000000	12375.000000	12058.000000	11785.000000	11461.000000	11464.000000	11144.000000	10888.000000	10662.000000	11141.000000	
876.000000	1575400.000000	340.000000	961.000000	2212.000000	2259.000000	2435.000000	2928.000000	2696.000000	3387.000000	2820.000000	4728.000000	4748.000000	4841.000000	4837.000000	5385.000000	5600.000000	2400.000000	2592.000000	3330.000000	3381.000000	3908.000000	4083.000000	3503.000000	4194.000000	3872.000000	4250.000000	4589.000000	3838.000000	3999.000000	4176.000000	4404.000000	4616.000000	4909.000000	5269.000000	4402.000000	4547.000000	4649.000000	4997.000000	5556.000000	4668.000000	4988.000000	4892.000000	5400.000000	5244.000000	5251.000000	5330.000000	5335.000000	5857.000000	6371.000000	6575.000000	4920.000000	5341.000000	5459.000000	5942.000000	5816.000000	5844.000000	6145.000000	6220.000000	6256.000000	6470.000000	6487.000000	6653.000000	6471.000000	6816.000000	7002.000000	7155.000000	7204.000000	7443.000000	7835.000000	8142.000000	6526.000000	6745.000000	7147.000000	7300.000000	7462.000000	7619.000000	7770.000000	8397.000000	8617.000000	8770.000000	8298.000000	9852.000000	9625.000000	9317.000000	8554.000000	8280.000000	8162.000000	8534.000000	8771.000000	8773.000000	8576.000000	9052.000000	9261.000000	9287.000000	9722.000000	9898.000000	10387.000000	10795.000000	11075.000000	11241.000000	11604.000000	11661.000000	11853.000000	12813.000000	12979.000000	14709.000000	15104.000000	13691.000000	13837.000000	13535.000000	13472.000000	13146.000000	12900.000000	12773.000000	12403.000000	12603.000000	13379.000000	13265.000000	13021.000000	12965.000000	13001.000000	12806.000000	12706.000000	12275.000000	11723.000000	12160.000000	12170.000000	12245.000000	12016.000000	11742.000000	11380.000000	11314.000000	10987.000000	10678.000000	10289.000000	10699.000000	
1169.000000	340.000000	1575400.000000	886.000000	2101.000000	2274.000000	2416.000000	2963.000000	2736.000000	3454.000000	2986.000000	4846.000000	4891.000000	4994.000000	5005.000000	5572.000000	5834.000000	2280.000000	2513.000000	3160.000000	3201.000000	3742.000000	3921.000000	3420.000000	4069.000000	3825.000000	4168.000000	4494.000000	3913.000000	4052.000000	4198.000000	4419.000000	4594.000000	4879.000000	5235.000000	4478.000000	4612.000000	4685.000000	5018.000000	5552.000000	4762.000000	5087.000000	4962.000000	5446.000000	5392.000000	5380.000000	5447.000000	5439.000000	5905.000000	6409.000000	6626.000000	4815.000000	5242.000000	5380.000000	5870.000000	5725.000000	5730.000000	6052.000000	6133.000000	6179.000000	6368.000000	6402.000000	6595.000000	6437.000000	6782.000000	6946.000000	7104.000000	7165.000000	7404.000000	7800.000000	8130.000000	6544.000000	6776.000000	7190.000000	7331.000000	7518.000000	7691.000000	7858.000000	8499.000000	8723.000000	8859.000000	8357.000000	9971.000000	9732.000000	9413.000000	8619.000000	8317.000000	8181.000000	8537.000000	8778.000000	8763.000000	8478.000000	9023.000000	9225.000000	9247.000000	9709.000000	9844.000000	10333.000000	10767.000000	11038.000000	11221.000000	11606.000000	11644.000000	11802.000000	12731.000000	12878.000000	14558.000000	15006.000000	13629.000000	13800.000000	13518.000000	13443.000000	13115.000000	12855.000000	12703.000000	12367.000000	12610.000000	13402.000000	13310.000000	13070.000000	13033.000000	13091.000000	12901.000000	12805.000000	12312.000000	11767.000000	12236.000000	12259.000000	12387.000000	12191.000000	11917.000000	11545.000000	11455.000000	11127.000000	10800.000000	10347.000000	10725.000000	
1766.000000	961.000000	886.000000	1575400.000000	1252.000000	1406.000000	1532.000000	2102.000000	1881.000000	2614.000000	2305.000000	4052.000000	4133.000000	4249.000000	4288.000000	4887.000000	5258.000000	1441.000000	1640.000000	2388.000000	2447.000000	2960.000000	3134.000000	2551.000000	3234.000000	2942.000000	3299.000000	3633.000000	3077.000000	3196.000000	3324.000000	3541.000000	3709.000000	3994.000000	4351.000000	3640.000000	3762.000000	3816.000000	4142.000000	4668.000000	3940.000000	4269.000000	4115.000000	4581.000000	4637.000000	4596.000000	4647.000000	4623.000000	5039.000000	5538.000000	5762.000000	3961.000000	4384.000000	4510.000000	4997.000000	4862.000000	4884.000000	5190.000000	5268.000000	5308.000000	5513.000000	5536.000000	5717.000000	5553.000000	5898.000000	6067.000000	6223.000000	6282.000000	6521.000000	6916.000000	7245.000000	5664.000000	5902.000000	6320.000000	6455.000000	6655.000000	6838.000000	7018.000000	7671.000000	7897.000000	8018.000000	7494.000000	9155.000000	8905.000000	8576.000000	7760.000000	7443.000000	7301.000000	7654.000000	7895.000000	7878.000000	7621.000000	8138.000000	8342.000000	8365.000000	8824.000000	8965.000000	9454.000000	9883.000000	10155.000000	10336.000000	10721.000000	10759.000000	10923.000000	11866.000000	12024.000000	13750.000000	14151.000000	12755.000000	12918.000000	12633.000000	12559.000000	12232.000000	11974.000000	11831.000000	11485.000000	11726.000000	12520.000000	12435.000000	12197.000000	12170.000000	12242.000000	12056.000000	11964.000000	11436.000000	10893.000000	11379.000000	11411.000000	11592.000000	11441.000000	11170.000000	10782.000000	10660.000000	10332.000000	9985.000000	9482.000000	9846.000000	
2993.000000	2212.000000	2101.000000	1252.000000	1575400.000000	822.000000	674.000000	1329.000000	1203.000000	1878.000000	2145.000000	3363.000000	3544.000000	3691.000000	3795.000000	4434.000000	5011.000000	195.000000	460.000000	1197.000000	1278.000000	1741.000000	1908.000000	1329.000000	1983.000000	1781.000000	2073.000000	2394.000000	2310.000000	2329.000000	2339.000000	2518.000000	2585.000000	2847.000000	3191.000000	2824.000000	2892.000000	2846.000000	3113.000000	3562.000000	3164.000000	3490.000000	3241.000000	3609.000000	4030.000000	3908.000000	3912.000000	3838.000000	4053.000000	4515.000000	4767.000000	2716.000000	3142.000000	3284.000000	3777.000000	3625.000000	3636.000000	3952.000000	4033.000000	4082.000000	4269.000000	4303.000000	4510.000000	4382.000000	4723.000000	4862.000000	5024.000000	5098.000000	5336.000000	5736.000000	6096.000000	4588.000000	4855.000000	5292.000000	5398.000000	5656.000000	5876.000000	6096.000000	6774.000000	7004.000000	7078.000000	6485.000000	8272.000000	7994.000000	7643.000000	6761.000000	6385.000000	6208.000000	6528.000000	6774.000000	6730.000000	6378.000000	6959.000000	7154.000000	7172.000000	7665.000000	7756.000000	8244.000000	8699.000000	8960.000000	9161.000000	9573.000000	9586.000000	9712.000000	10631.000000	10781.000000	12499.000000	12909.000000	11533.000000	11715.000000	11453.000000	11366.000000	11037.000000	10767.000000	10605.000000	10288.000000	10579.000000	11391.000000	11340.000000	11111.000000	11120.000000	11234.000000	11060.000000	10980.000000	10338.000000	9813.000000	10355.000000	10414.000000	10725.000000	10673.000000	10411.000000	10000.000000	9806.000000	9484.000000	9093.000000	8445.000000	8743.000000	
2869.000000	2259.000000	2274.000000	1406.000000	822.000000	1575400.000000	282.000000	698.000000	487.000000	1229.000000	1324.000000	2708.000000	2839.000000	2974.000000	3054.000000	3685.000000	4215.000000	911.000000	711.000000	1776.000000	1883.000000	2204.000000	2338.000000	1434.000000	2241.000000	1668.000000	2124.000000	2491.000000	1691.000000	1793.000000	1925.000000	2149.000000	2366.000000	2664.000000	3027.000000	2249.000000	2362.000000	2413.000000	2746.000000	3298.000000	2562.000000	2893.000000	2716.000000	3176.000000	3339.000000	3258.000000	3290.000000	3248.000000	3634.000000	4136.000000	4357.000000	2839.000000	3227.000000	3291.000000	3751.000000	3669.000000	3762.000000	3996.000000	4059.000000	4073.000000	4341.000000	4316.000000	4432.000000	4224.000000	4569.000000	4776.000000	4923.000000	4959.000000	5198.000000	5586.000000	5884.000000	4274.000000	4503.000000	4917.000000	5058.000000	5251.000000	5434.000000	5618.000000	6277.000000	6504.000000	6617.000000	6089.000000	7767.000000	7510.000000	7177.000000	6355.000000	6043.000000	5912.000000	6277.000000	6515.000000	6514.000000	6412.000000	6798.000000	7010.000000	7039.000000	7463.000000	7661.000000	8148.000000	8540.000000	8823.000000	8983.000000	9348.000000	9402.000000	9609.000000	10596.000000	10788.000000	12600.000000	12895.000000	11451.000000	11583.000000	11276.000000	11215.000000	10890.000000	10650.000000	10542.000000	10149.000000	10348.000000	11132.000000	11036.000000	10797.000000	10766.000000	10838.000000	10652.000000	10561.000000	10039.000000	9494.000000	9974.000000	10007.000000	10214.000000	10097.000000	9829.000000	9431.000000	9283.000000	8956.000000	8596.000000	8078.000000	8454.000000	
3092.000000	2435.000000	2416.000000	1532.000000	674.000000	282.000000	1575400.000000	668.000000	529.000000	1223.000000	1528.000000	2715.000000	2880.000000	3024.000000	3124.000000	3762.000000	4341.000000	711.000000	447.000000	1505.000000	1614.000000	1923.000000	2057.000000	1166.000000	1967.000000	1445.000000	1875.000000	2238.000000	1670.000000	1727.000000	1805.000000	2014.000000	2183.000000	2474.000000	2834.000000	2207.000000	2298.000000	2306.000000	2616.000000	3137.000000	2538.000000	2867.000000	2653.000000	3075.000000	3371.000000	3264.000000	3280.000000	3220.000000	3530.000000	4019.000000	4252.000000	2584.000000	2981.000000	3060.000000	3528.000000	3432.000000	3511.000000	3760.000000	3827.000000	3849.000000	4101.000000	4088.000000	4225.000000	4036.000000	4381.000000	4572.000000	4723.000000	4769.000000	5008.000000	5400.000000	5717.000000	4134.000000	4377.000000	4800.000000	4929.000000	5146.000000	5345.000000	5543.000000	6212.000000	6441.000000	6537.000000	5983.000000	7708.000000	7442.000000	7100.000000	6253.000000	5918.000000	5770.000000	6122.000000	6363.000000	6349.000000	6185.000000	6619.000000	6826.000000	6852.000000	7296.000000	7465.000000	7953.000000	8363.000000	8640.000000	8812.000000	9191.000000	9234.000000	9419.000000	10391.000000	10573.000000	12368.000000	12688.000000	11258.000000	11403.000000	11109.000000	11040.000000	10714.000000	10465.000000	10343.000000	9969.000000	10194.000000	10988.000000	10907.000000	10670.000000	10653.000000	10740.000000	10558.000000	10471.000000	9906.000000	9367.000000	9869.000000	9911.000000	10160.000000	10073.000000	9807.000000	9402.000000	9233.000000	8908.000000	8534.000000	7965.000000	8315.000000	
3473.000000	2928.000000	2963.000000	2102.000000	1329.000000	698.000000	668.000000	1575400.000000	235.000000	555.000000	1147.000000	2048.000000	2216.000000	2362.000000	2471.000000	3110.000000	3730.000000	1326.000000	977.000000	1870.000000	1987.000000	2132.000000	2222.000000	1189.000000	1985.000000	1192.000000	1715.000000	2084.000000	1007.000000	1096.000000	1249.000000	1483.000000	1761.000000	2067.000000	2427.000000	1556.000000	1665.000000	1724.000000	2070.000000	2648.000000	1878.000000	2209.000000	2019.000000	2483.000000	2704.000000	2597.000000	2616.000000	2563.000000	2942.000000	3449.000000	3664.000000	2429.000000	2771.000000	2781.000000	3207.000000	3170.000000	3314.000000	3487.000000	3539.000000	3532.000000	3842.000000	3782.000000	3848.000000	3605.000000	3947.000000	4183.000000	4321.000000	4340.000000	4577.000000	4958.000000	5231.000000	3599.000000	3819.000000	4228.000000	4374.000000	4557.000000	4737.000000	4921.000000	5581.000000	5809.000000	5920.000000	5395.000000	7073.000000	6814.000000	6480.000000	5660.000000	5357.000000	5235.000000	5610.000000	5846.000000	5857.000000	5862.000000	6158.000000	6375.000000	6408.000000	6807.000000	7041.000000	7525.000000	7893.000000	8182.000000	8329.000000	8679.000000	8745.000000	8978.000000	9987.000000	10196.000000	12041.000000	12282.000000	10820.000000	10934.000000	10616.000000	10562.000000	10239.000000	10009.000000	9921.000000	9503.000000	9676.000000	10453.000000	10349.000000	10108.000000	10072.000000	10141.000000	9955.000000	9864.000000	9354.000000	8806.000000	9279.000000	9310.000000	9521.000000	9417.000000	9150.000000	8748.000000	8591.000000	8265.000000	7901.000000	7385.000000	7772.000000	
3240.000000	2696.000000	2736.000000	1881.000000	1203.000000	487.000000	529.000000	235.000000	1575400.000000	743.000000	1078.000000	2225.000000	2369.000000	2509.000000	2601.000000	3237.000000	3814.000000	1231.000000	916.000000	1896.000000	2012.000000	2216.000000	2321.000000	1311.000000	2124.000000	1386.000000	1897.000000	2268.000000	1205.000000	1318.000000	1483.000000	1717.000000	1989.000000	2294.000000	2656.000000	1764.000000	1882.000000	1955.000000	2304.000000	2882.000000	2076.000000	2407.000000	2235.000000	2711.000000	2865.000000	2775.000000	2805.000000	2761.000000	3170.000000	3679.000000	3891.000000	2615.000000	2970.000000	2993.000000	3427.000000	3380.000000	3513.000000	3700.000000	3754.000000	3752.000000	4054.000000	4001.000000	4075.000000	3837.000000	4180.000000	4412.000000	4551.000000	4572.000000	4810.000000	5191.000000	5466.000000	3833.000000	4050.000000	4457.000000	4606.000000	4783.000000	4959.000000	5138.000000	5794.000000	6021.000000	6138.000000	5621.000000	7283.000000	7028.000000	6697.000000	5884.000000	5587.000000	5468.000000	5844.000000	6079.000000	6091.000000	6085.000000	6392.000000	6609.000000	6642.000000	7041.000000	7274.000000	7758.000000	8127.000000	8416.000000	8564.000000	8912.000000	8979.000000	9211.000000	10219.000000	10426.000000	12268.000000	12515.000000	11054.000000	11168.000000	10850.000000	10796.000000	10474.000000	10243.000000	10155.000000	9737.000000	9909.000000	10684.000000	10578.000000	10337.000000	10298.000000	10363.000000	10176.000000	10084.000000	9584.000000	9035.000000	9503.000000	9532.000000	9728.000000	9612.000000	9344.000000	8945.000000	8797.000000	8470.000000	8112.000000	7612.000000	8004.000000	
3853.000000	3387.000000	3454.000000	2614.000000	1878.000000	1229.000000	1223.000000	555.000000	743.000000	1575400.000000	1081.000000	1493.000000	1667.000000	1818.000000	1939.000000	2579.000000	3243.000000	1862.000000	1500.000000	2269.000000	2386.000000	2421.000000	2475.000000	1449.000000	2146.000000	1227.000000	1756.000000	2096.000000	464.000000	623.000000	897.000000	1142.000000	1532.000000	1830.000000	2171.000000	1027.000000	1161.000000	1293.000000	1672.000000	2297.000000	1333.000000	1664.000000	1509.000000	2019.000000	2152.000000	2042.000000	2065.000000	2019.000000	2474.000000	2994.000000	3189.000000	2415.000000	2691.000000	2636.000000	3006.000000	3027.000000	3226.000000	3325.000000	3360.000000	3328.000000	3683.000000	3582.000000	3579.000000	3289.000000	3622.000000	3898.000000	4021.000000	4014.000000	4247.000000	4611.000000	4843.000000	3181.000000	3374.000000	3765.000000	3927.000000	4075.000000	4238.000000	4407.000000	5058.000000	5284.000000	5408.000000	4911.000000	6544.000000	6292.000000	5964.000000	5170.000000	4898.000000	4800.000000	5195.000000	5424.000000	5458.000000	5614.000000	5786.000000	6010.000000	6049.000000	6405.000000	6695.000000	7173.000000	7503.000000	7801.000000	7926.000000	8250.000000	8335.000000	8606.000000	9641.000000	9871.000000	11745.000000	11923.000000	10442.000000	10531.000000	10195.000000	10153.000000	9835.000000	9621.000000	9562.000000	9109.000000	9238.000000	9999.000000	9878.000000	9634.000000	9584.000000	9638.000000	9449.000000	9355.000000	8890.000000	8336.000000	8784.000000	8806.000000	8987.000000	8870.000000	8603.000000	8203.000000	8056.000000	7729.000000	7373.000000	6903.000000	7321.000000	
3071.000000	2820.000000	2986.000000	2305.000000	2145.000000	1324.000000	1528.000000	1147.000000	1078.000000	1081.000000	1575400.000000	1964.000000	1938.000000	2023.000000	2020.000000	2593.000000	2973.000000	2228.000000	1964.000000	2973.000000	3089.000000	3276.000000	3369.000000	2334.000000	3117.000000	2256.000000	2792.000000	3148.000000	1342.000000	1610.000000	1950.000000	2188.000000	2606.000000	2900.000000	3230.000000	1816.000000	2007.000000	2256.000000	2649.000000	3295.000000	1986.000000	2272.000000	2295.000000	2879.000000	2427.000000	2457.000000	2557.000000	2596.000000	3305.000000	3833.000000	3975.000000	3478.000000	3769.000000	3717.000000	4077.000000	4106.000000	4306.000000	4402.000000	4434.000000	4395.000000	4759.000000	4649.000000	4618.000000	4298.000000	4620.000000	4923.000000	5035.000000	5006.000000	5232.000000	5577.000000	5755.000000	4076.000000	4219.000000	4561.000000	4754.000000	4817.000000	4922.000000	5030.000000	5623.000000	5837.000000	6017.000000	5629.000000	7050.000000	6838.000000	6548.000000	5864.000000	5682.000000	5636.000000	6060.000000	6274.000000	6346.000000	6652.000000	6709.000000	6939.000000	6985.000000	7277.000000	7643.000000	8108.000000	8383.000000	8692.000000	8782.000000	9055.000000	9176.000000	9507.000000	10568.000000	10822.000000	12716.000000	12814.000000	11319.000000	11364.000000	10999.000000	10980.000000	10673.000000	10488.000000	10471.000000	9969.000000	10014.000000	10729.000000	10563.000000	10314.000000	10219.000000	10222.000000	10022.000000	9916.000000	9605.000000	9043.000000	9407.000000	9396.000000	9426.000000	9206.000000	8932.000000	8564.000000	8496.000000	8170.000000	7872.000000	7592.000000	8085.000000	
5034.000000	4728.000000	4846.000000	4052.000000	3363.000000	2708.000000	2715.000000	2048.000000	2225.000000	1493.000000	1964.000000	1575400.000000	353.000000	506.000000	730.000000	1264.000000	2111.000000	3330.000000	2960.000000	3539.000000	3646.000000	3500.000000	3487.000000	2629.000000	3041.000000	2167.000000	2520.000000	2713.000000	1056.000000	1110.000000	1331.000000	1369.000000	1799.000000	1939.000000	2096.000000	641.000000	730.000000	1079.000000	1318.000000	1861.000000	333.000000	362.000000	664.000000	1185.000000	693.000000	550.000000	603.000000	635.000000	1497.000000	1993.000000	2076.000000	2905.000000	2966.000000	2756.000000	2895.000000	3073.000000	3387.000000	3269.000000	3254.000000	3151.000000	3588.000000	3382.000000	3172.000000	2768.000000	3027.000000	3400.000000	3464.000000	3374.000000	3569.000000	3855.000000	3936.000000	2301.000000	2366.000000	2652.000000	2866.000000	2874.000000	2961.000000	3067.000000	3673.000000	3891.000000	4058.000000	3671.000000	5127.000000	4898.000000	4596.000000	3902.000000	3748.000000	3738.000000	4181.000000	4379.000000	4485.000000	5097.000000	4885.000000	5120.000000	5175.000000	5389.000000	5838.000000	6280.000000	6491.000000	6807.000000	6867.000000	7111.000000	7249.000000	7622.000000	8703.000000	8983.000000	10886.000000	10900.000000	9403.000000	9424.000000	9048.000000	9038.000000	8738.000000	8570.000000	8588.000000	8050.000000	8058.000000	8765.000000	8600.000000	8351.000000	8262.000000	8278.000000	8082.000000	7980.000000	7642.000000	7079.000000	7452.000000	7449.000000	7546.000000	7396.000000	7126.000000	6734.000000	6613.000000	6285.000000	5955.000000	5628.000000	6132.000000	
4989.000000	4748.000000	4891.000000	4133.000000	3544.000000	2839.000000	2880.000000	2216.000000	2369.000000	1667.000000	1938.000000	353.000000	1575400.000000	167.000000	379.000000	955.000000	1772.000000	3528.000000	3163.000000	3812.000000	3922.000000	3806.000000	3802.000000	2909.000000	3365.000000	2471.000000	2849.000000	3054.000000	1273.000000	1385.000000	1647.000000	1706.000000	2146.000000	2291.000000	2446.000000	958.000000	1073.000000	1428.000000	1668.000000	2194.000000	683.000000	656.000000	1010.000000	1496.000000	505.000000	541.000000	685.000000	808.000000	1758.000000	2225.000000	2269.000000	3253.000000	3318.000000	3108.000000	3237.000000	3421.000000	3737.000000	3611.000000	3594.000000	3487.000000	3926.000000	3714.000000	3486.000000	3074.000000	3318.000000	3699.000000	3754.000000	3652.000000	3837.000000	4104.000000	4149.000000	2554.000000	2584.000000	2828.000000	3054.000000	3009.000000	3060.000000	3129.000000	3696.000000	3906.000000	4100.000000	3776.000000	5113.000000	4904.000000	4620.000000	3990.000000	3889.000000	3909.000000	4361.000000	4547.000000	4673.000000	5377.000000	5088.000000	5324.000000	5383.000000	5555.000000	6043.000000	6474.000000	6650.000000	6969.000000	7009.000000	7224.000000	7380.000000	7782.000000	8869.000000	9161.000000	11060.000000	11029.000000	9536.000000	9536.000000	9148.000000	9149.000000	8856.000000	8704.000000	8745.000000	8185.000000	8151.000000	8833.000000	8649.000000	8399.000000	8292.000000	8286.000000	8086.000000	7980.000000	7709.000000	7146.000000	7479.000000	7463.000000	7499.000000	7311.000000	7039.000000	6657.000000	6568.000000	6240.000000	5935.000000	5696.000000	6233.000000	
5053.000000	4841.000000	4994.000000	4249.000000	3691.000000	2974.000000	3024.000000	2362.000000	2509.000000	1818.000000	2023.000000	506.000000	167.000000	1575400.000000	231.000000	789.000000	1608.000000	3679.000000	3316.000000	3976.000000	4087.000000	3973.000000	3968.000000	3075.000000	3531.000000	2638.000000	3015.000000	3216.000000	1433.000000	1551.000000	1814.000000	1870.000000	2305.000000	2442.000000	2586.000000	1124.000000	1233.000000	1584.000000	1809.000000	2315.000000	839.000000	771.000000	1149.000000	1602.000000	406.000000	536.000000	706.000000	860.000000	1832.000000	2278.000000	2300.000000	3410.000000	3467.000000	3250.000000	3364.000000	3557.000000	3877.000000	3739.000000	3718.000000	3607.000000	4048.000000	3830.000000	3587.000000	3170.000000	3402.000000	3789.000000	3836.000000	3726.000000	3906.000000	4160.000000	4183.000000	2616.000000	2626.000000	2847.000000	3078.000000	3007.000000	3038.000000	3090.000000	3636.000000	3842.000000	4048.000000	3754.000000	5034.000000	4833.000000	4559.000000	3960.000000	3885.000000	3921.000000	4376.000000	4556.000000	4692.000000	5450.000000	5115.000000	5351.000000	5411.000000	5561.000000	6070.000000	6493.000000	6650.000000	6970.000000	7000.000000	7201.000000	7365.000000	7781.000000	8870.000000	9168.000000	11063.000000	11009.000000	9519.000000	9508.000000	9115.000000	9121.000000	8832.000000	8689.000000	8741.000000	8171.000000	8116.000000	8785.000000	8594.000000	8343.000000	8228.000000	8213.000000	8011.000000	7903.000000	7663.000000	7100.000000	7415.000000	7392.000000	7404.000000	7202.000000	6928.000000	6552.000000	6474.000000	6147.000000	5852.000000	5653.000000	6205.000000	
5005.000000	4837.000000	5005.000000	4288.000000	3795.000000	3054.000000	3124.000000	2471.000000	2601.000000	1939.000000	2020.000000	730.000000	379.000000	231.000000	1575400.000000	640.000000	1400.000000	3795.000000	3437.000000	4140.000000	4252.000000	4159.000000	4161.000000	3247.000000	3730.000000	2826.000000	3219.000000	3430.000000	1586.000000	1730.000000	2013.000000	2081.000000	2524.000000	2668.000000	2816.000000	1329.000000	1450.000000	1806.000000	2039.000000	2544.000000	1061.000000	1001.000000	1379.000000	1829.000000	498.000000	715.000000	896.000000	1067.000000	2044.000000	2474.000000	2480.000000	3631.000000	3694.000000	3480.000000	3595.000000	3788.000000	4108.000000	3969.000000	3948.000000	3836.000000	4278.000000	4058.000000	3810.000000	3391.000000	3617.000000	4006.000000	4050.000000	3935.000000	4110.000000	4355.000000	4360.000000	2819.000000	2814.000000	3013.000000	3249.000000	3151.000000	3162.000000	3191.000000	3709.000000	3908.000000	4130.000000	3875.000000	5075.000000	4887.000000	4627.000000	4071.000000	4025.000000	4078.000000	4536.000000	4708.000000	4855.000000	5656.000000	5284.000000	5520.000000	5582.000000	5709.000000	6238.000000	6653.000000	6791.000000	7112.000000	7130.000000	7313.000000	7487.000000	7920.000000	9010.000000	9315.000000	11204.000000	11123.000000	9638.000000	9614.000000	9214.000000	9227.000000	8943.000000	8811.000000	8876.000000	8294.000000	8214.000000	8866.000000	8663.000000	8412.000000	8285.000000	8257.000000	8053.000000	7943.000000	7746.000000	7184.000000	7474.000000	7442.000000	7414.000000	7186.000000	6912.000000	6545.000000	6488.000000	6163.000000	5885.000000	5742.000000	6313.000000	
5482.000000	5385.000000	5572.000000	4887.000000	4434.000000	3685.000000	3762.000000	3110.000000	3237.000000	2579.000000	2593.000000	1264.000000	955.000000	789.000000	640.000000	1575400.000000	900.000000	4435.000000	4077.000000	4764.000000	4875.000000	4758.000000	4749.000000	3864.000000	4305.000000	3423.000000	3783.000000	3964.000000	2216.000000	2340.000000	2592.000000	2629.000000	3041.000000	3144.000000	3238.000000	1901.000000	1989.000000	2317.000000	2481.000000	2891.000000	1588.000000	1422.000000	1835.000000	2155.000000	655.000000	958.000000	1124.000000	1326.000000	2246.000000	2578.000000	2507.000000	4134.000000	4148.000000	3905.000000	3949.000000	4177.000000	4514.000000	4319.000000	4283.000000	4155.000000	4600.000000	4357.000000	4049.000000	3618.000000	3795.000000	4197.000000	4213.000000	4069.000000	4214.000000	4405.000000	4330.000000	2942.000000	2863.000000	2966.000000	3212.000000	3019.000000	2962.000000	2925.000000	3354.000000	3533.000000	3791.000000	3651.000000	4629.000000	4472.000000	4247.000000	3811.000000	3861.000000	3971.000000	4431.000000	4575.000000	4758.000000	5754.000000	5208.000000	5440.000000	5509.000000	5549.000000	6148.000000	6530.000000	6597.000000	6918.000000	6898.000000	7027.000000	7229.000000	7709.000000	8798.000000	9121.000000	10980.000000	10818.000000	9356.000000	9295.000000	8880.000000	8912.000000	8644.000000	8541.000000	8648.000000	8032.000000	7881.000000	8487.000000	8259.000000	8009.000000	7858.000000	7801.000000	7595.000000	7480.000000	7379.000000	6823.000000	7053.000000	7002.000000	6899.000000	6633.000000	6359.000000	6005.000000	5984.000000	5662.000000	5419.000000	5406.000000	6021.000000	
5536.000000	5600.000000	5834.000000	5258.000000	5011.000000	4215.000000	4341.000000	3730.000000	3814.000000	3243.000000	2973.000000	2111.000000	1772.000000	1608.000000	1400.000000	900.000000	1575400.000000	5043.000000	4706.000000	5497.000000	5611.000000	5550.000000	5557.000000	4620.000000	5130.000000	4220.000000	4619.000000	4823.000000	2950.000000	3121.000000	3412.000000	3477.000000	3909.000000	4029.000000	4135.000000	2728.000000	2841.000000	3185.000000	3372.000000	3790.000000	2443.000000	2311.000000	2720.000000	3055.000000	1554.000000	1857.000000	2023.000000	2225.000000	3126.000000	3417.000000	3310.000000	5011.000000	5040.000000	4802.000000	4848.000000	5077.000000	5413.000000	5217.000000	5180.000000	5049.000000	5494.000000	5246.000000	4925.000000	4492.000000	4649.000000	5053.000000	5057.000000	4901.000000	5029.000000	5185.000000	5052.000000	3784.000000	3669.000000	3708.000000	3955.000000	3691.000000	3571.000000	3462.000000	3751.000000	3891.000000	4192.000000	4207.000000	4821.000000	4726.000000	4568.000000	4319.000000	4474.000000	4636.000000	5088.000000	5202.000000	5416.000000	6551.000000	5877.000000	6102.000000	6175.000000	6128.000000	6790.000000	7133.000000	7120.000000	7437.000000	7370.000000	7425.000000	7662.000000	8197.000000	9269.000000	9612.000000	11408.000000	11134.000000	9726.000000	9612.000000	9180.000000	9240.000000	8999.000000	8940.000000	9100.000000	8449.000000	8198.000000	8719.000000	8451.000000	8207.000000	8013.000000	7903.000000	7695.000000	7572.000000	7649.000000	7113.000000	7234.000000	7148.000000	6887.000000	6527.000000	6255.000000	5949.000000	6015.000000	5710.000000	5547.000000	5763.000000	6431.000000	
3186.000000	2400.000000	2280.000000	1441.000000	195.000000	911.000000	711.000000	1326.000000	1231.000000	1862.000000	2228.000000	3330.000000	3528.000000	3679.000000	3795.000000	4435.000000	5043.000000	1575400.000000	372.000000	1007.000000	1091.000000	1547.000000	1714.000000	1167.000000	1795.000000	1643.000000	1905.000000	2218.000000	2275.000000	2270.000000	2250.000000	2416.000000	2453.000000	2706.000000	3044.000000	2769.000000	2824.000000	2755.000000	3004.000000	3430.000000	3115.000000	3437.000000	3169.000000	3510.000000	4005.000000	3870.000000	3864.000000	3781.000000	3949.000000	4401.000000	4658.000000	2535.000000	2963.000000	3113.000000	3608.000000	3448.000000	3452.000000	3775.000000	3857.000000	3910.000000	4088.000000	4128.000000	4345.000000	4228.000000	4568.000000	4697.000000	4861.000000	4940.000000	5177.000000	5577.000000	5946.000000	4460.000000	4733.000000	5174.000000	5273.000000	5543.000000	5771.000000	5998.000000	6680.000000	6910.000000	6974.000000	6368.000000	8177.000000	7894.000000	7539.000000	6645.000000	6257.000000	6072.000000	6384.000000	6630.000000	6580.000000	6198.000000	6800.000000	6992.000000	7009.000000	7511.000000	7587.000000	8075.000000	8537.000000	8795.000000	9001.000000	9420.000000	9427.000000	9542.000000	10453.000000	10599.000000	12310.000000	12727.000000	11358.000000	11546.000000	11290.000000	11200.000000	10871.000000	10598.000000	10430.000000	10122.000000	10425.000000	11240.000000	11197.000000	10970.000000	10986.000000	11109.000000	10937.000000	10860.000000	10195.000000	9675.000000	10227.000000	10292.000000	10627.000000	10593.000000	10334.000000	9919.000000	9713.000000	9392.000000	8994.000000	8318.000000	8601.000000	
3326.000000	2592.000000	2513.000000	1640.000000	460.000000	711.000000	447.000000	977.000000	916.000000	1500.000000	1964.000000	2960.000000	3163.000000	3316.000000	3437.000000	4077.000000	4706.000000	372.000000	1575400.000000	1065.000000	1172.000000	1518.000000	1665.000000	912.000000	1644.000000	1330.000000	1659.000000	1999.000000	1906.000000	1898.000000	1887.000000	2061.000000	2129.000000	2396.000000	2743.000000	2398.000000	2454.000000	2393.000000	2654.000000	3106.000000	2744.000000	3066.000000	2800.000000	3153.000000	3638.000000	3499.000000	3493.000000	3410.000000	3596.000000	4056.000000	4309.000000	2333.000000	2750.000000	2871.000000	3358.000000	3224.000000	3261.000000	3553.000000	3629.000000	3669.000000	3880.000000	3897.000000	4083.000000	3939.000000	4282.000000	4434.000000	4593.000000	4660.000000	4899.000000	5297.000000	5649.000000	4130.000000	4396.000000	4833.000000	4940.000000	5197.000000	5419.000000	5641.000000	6321.000000	6551.000000	6621.000000	6026.000000	7818.000000	7539.000000	7186.000000	6302.000000	5927.000000	5752.000000	6077.000000	6322.000000	6283.000000	5985.000000	6521.000000	6719.000000	6739.000000	7222.000000	7332.000000	7820.000000	8263.000000	8529.000000	8723.000000	9128.000000	9148.000000	9289.000000	10226.000000	10387.000000	12139.000000	12513.000000	11117.000000	11289.000000	11018.000000	10935.000000	10607.000000	10343.000000	10193.000000	9858.000000	10134.000000	10943.000000	10887.000000	10657.000000	10663.000000	10775.000000	10601.000000	10521.000000	9885.000000	9358.000000	9896.000000	9955.000000	10271.000000	10228.000000	9968.000000	9554.000000	9353.000000	9032.000000	8638.000000	7987.000000	8290.000000	
4153.000000	3330.000000	3160.000000	2388.000000	1197.000000	1776.000000	1505.000000	1870.000000	1896.000000	2269.000000	2973.000000	3539.000000	3812.000000	3976.000000	4140.000000	4764.000000	5497.000000	1007.000000	1065.000000	1575400.000000	118.000000	583.000000	763.000000	914.000000	1022.000000	1427.000000	1377.000000	1562.000000	2555.000000	2432.000000	2250.000000	2321.000000	2152.000000	2317.000000	2588.000000	2908.000000	2889.000000	2691.000000	2814.000000	3060.000000	3256.000000	3538.000000	3185.000000	3356.000000	4230.000000	4028.000000	3973.000000	3842.000000	3739.000000	4105.000000	4390.000000	1804.000000	2231.000000	2451.000000	2946.000000	2724.000000	2649.000000	3033.000000	3128.000000	3212.000000	3307.000000	3399.000000	3697.000000	3671.000000	3990.000000	4041.000000	4214.000000	4330.000000	4556.000000	4955.000000	5378.000000	4077.000000	4383.000000	4832.000000	4882.000000	5225.000000	5495.000000	5764.000000	6452.000000	6679.000000	6683.000000	6008.000000	7917.000000	7611.000000	7239.000000	6290.000000	5832.000000	5597.000000	5847.000000	6095.000000	5999.000000	5393.000000	6156.000000	6327.000000	6333.000000	6893.000000	6865.000000	7346.000000	7858.000000	8091.000000	8330.000000	8789.000000	8756.000000	8797.000000	9643.000000	9757.000000	11399.000000	11877.000000	10572.000000	10797.000000	10582.000000	10472.000000	10144.000000	9850.000000	9641.000000	9399.000000	9782.000000	10610.000000	10614.000000	10404.000000	10465.000000	10634.000000	10481.000000	10419.000000	9626.000000	9139.000000	9752.000000	9848.000000	10320.000000	10388.000000	10145.000000	9718.000000	9444.000000	9138.000000	8702.000000	7868.000000	8054.000000	
4213.000000	3381.000000	3201.000000	2447.000000	1278.000000	1883.000000	1614.000000	1987.000000	2012.000000	2386.000000	3089.000000	3646.000000	3922.000000	4087.000000	4252.000000	4875.000000	5611.000000	1091.000000	1172.000000	118.000000	1575400.000000	561.000000	740.000000	1018.000000	1051.000000	1522.000000	1440.000000	1601.000000	2668.000000	2540.000000	2351.000000	2415.000000	2230.000000	2385.000000	2645.000000	3013.000000	2991.000000	2785.000000	2897.000000	3124.000000	3360.000000	3639.000000	3282.000000	3440.000000	4336.000000	4131.000000	4073.000000	3940.000000	3816.000000	4173.000000	4460.000000	1827.000000	2249.000000	2480.000000	2971.000000	2739.000000	2648.000000	3043.000000	3140.000000	3230.000000	3308.000000	3410.000000	3720.000000	3709.000000	4024.000000	4062.000000	4236.000000	4357.000000	4581.000000	4979.000000	5409.000000	4135.000000	4444.000000	4892.000000	4937.000000	5287.000000	5561.000000	5834.000000	6520.000000	6747.000000	6745.000000	6064.000000	7981.000000	7673.000000	7300.000000	6346.000000	5880.000000	5640.000000	5881.000000	6128.000000	6027.000000	5384.000000	6174.000000	6342.000000	6346.000000	6914.000000	6869.000000	7348.000000	7867.000000	8096.000000	8341.000000	8805.000000	8765.000000	8794.000000	9628.000000	9735.000000	11359.000000	11851.000000	10560.000000	10792.000000	10584.000000	10470.000000	10143.000000	9846.000000	9629.000000	9400.000000	9795.000000	10624.000000	10635.000000	10427.000000	10494.000000	10669.000000	10519.000000	10458.000000	9650.000000	9168.000000	9788.000000	9888.000000	10375.000000	10453.000000	10213.000000	9784.000000	9504.000000	9200.000000	8761.000000	7909.000000	8083.000000	
4722.000000	3908.000000	3742.000000	2960.000000	1741.000000	2204.000000	1923.000000	2132.000000	2216.000000	2421.000000	3276.000000	3500.000000	3806.000000	3973.000000	4159.000000	4758.000000	5550.000000	1547.000000	1518.000000	583.000000	561.000000	1575400.000000	181.000000	972.000000	575.000000	1335.000000	1068.000000	1129.000000	2612.000000	2431.000000	2170.000000	2177.000000	1898.000000	1995.000000	2210.000000	2859.000000	2799.000000	2538.000000	2579.000000	2709.000000	3190.000000	3436.000000	3050.000000	3115.000000	4175.000000	3941.000000	3859.000000	3706.000000	3453.000000	3763.000000	4056.000000	1304.000000	1713.000000	1963.000000	2445.000000	2198.000000	2092.000000	2495.000000	2594.000000	2691.000000	2752.000000	2862.000000	3189.000000	3207.000000	3511.000000	3527.000000	3702.000000	3832.000000	4051.000000	4446.000000	4888.000000	3690.000000	4007.000000	4452.000000	4477.000000	4851.000000	5138.000000	5424.000000	6105.000000	6328.000000	6304.000000	5604.000000	7541.000000	7227.000000	6851.000000	5885.000000	5399.000000	5144.000000	5366.000000	5612.000000	5499.000000	4823.000000	5632.000000	5795.000000	5797.000000	6375.000000	6313.000000	6791.000000	7316.000000	7541.000000	7790.000000	8259.000000	8213.000000	8235.000000	9068.000000	9178.000000	10817.000000	11295.000000	10000.000000	10232.000000	10026.000000	9911.000000	9584.000000	9286.000000	9069.000000	8842.000000	9245.000000	10075.000000	10094.000000	9889.000000	9965.000000	10151.000000	10005.000000	9949.000000	9114.000000	8639.000000	9273.000000	9380.000000	9904.000000	10016.000000	9784.000000	9354.000000	9051.000000	8754.000000	8304.000000	7408.000000	7555.000000	
4894.000000	4083.000000	3921.000000	3134.000000	1908.000000	2338.000000	2057.000000	2222.000000	2321.000000	2475.000000	3369.000000	3487.000000	3802.000000	3968.000000	4161.000000	4749.000000	5557.000000	1714.000000	1665.000000	763.000000	740.000000	181.000000	1575400.000000	1041.000000	480.000000	1338.000000	1004.000000	1010.000000	2636.000000	2439.000000	2157.000000	2144.000000	1832.000000	1903.000000	2096.000000	2848.000000	2775.000000	2496.000000	2510.000000	2601.000000	3171.000000	3404.000000	3010.000000	3041.000000	4154.000000	3910.000000	3821.000000	3661.000000	3363.000000	3653.000000	3948.000000	1153.000000	1553.000000	1812.000000	2287.000000	2033.000000	1917.000000	2326.000000	2426.000000	2526.000000	2577.000000	2693.000000	3028.000000	3059.000000	3357.000000	3363.000000	3538.000000	3672.000000	3890.000000	4283.000000	4730.000000	3566.000000	3885.000000	4327.000000	4345.000000	4728.000000	5020.000000	5310.000000	5989.000000	6210.000000	6177.000000	5470.000000	7414.000000	7097.000000	6720.000000	5751.000000	5257.000000	4997.000000	5210.000000	5456.000000	5338.000000	4645.000000	5464.000000	5625.000000	5626.000000	6208.000000	6138.000000	6615.000000	7143.000000	7366.000000	7617.000000	8089.000000	8040.000000	8058.000000	8888.000000	8997.000000	10638.000000	11115.000000	9820.000000	10053.000000	9850.000000	9734.000000	9407.000000	9108.000000	8889.000000	8665.000000	9073.000000	9903.000000	9925.000000	9722.000000	9802.000000	9992.000000	9848.000000	9793.000000	8948.000000	8477.000000	9115.000000	9225.000000	9763.000000	9888.000000	9658.000000	9228.000000	8918.000000	8623.000000	8170.000000	7257.000000	7393.000000	
