96

118343

5277.000000

42746

1	0	1	1	1	1	1	1	1	1	1	1	1	1	1	1	1	1	1	1	1	1	1	1	1	1	1	1	1	1	1	1	1	1	1	1	1	1	1	1	1	1	1	1	1	1	1	1	1	1	1	1	1	1	1	1	2	2	2	2	2	2	2	2	2	2	2	2	2	2	2	2	2	2	2	2	0	0	1	1	0	0	0	0	0	0	0	0	0	0	0	0	0	0	1	0	

2946	2785	3096	2537	2646	2603	2520	2707	2472	2438	1492	2323	2299	2135	1936	1932	2032	2129	2018	2020	1734	1760	1436	1297	1174	1681	1568	1887	2365	2436	2349	2227	1603	1754	1790	2068	2023	1840	1456	1352	1264	1215	1171	1427	1292	1102	1031	1041	1147	1048	1066	1014	978	966	1017	1046	0	0	0	0	0	0	0	0	0	0	0	0	0	0	0	0	0	0	0	0	2060	2341	1972	3835	1810	1828	2106	2081	2225	2256	2432	2553	2780	2769	2659	2776	2750	2618	3693	2921	

989300.000000	1756.000000	2176.000000	2499.000000	2693.000000	2811.000000	2937.000000	2984.000000	3346.000000	3687.000000	3256.000000	3928.000000	4230.000000	4178.000000	4284.000000	4903.000000	5741.000000	6032.000000	6041.000000	5921.000000	5994.000000	6536.000000	6085.000000	5871.000000	5342.000000	6694.000000	6806.000000	7287.000000	979.000000	658.000000	748.000000	927.000000	2216.000000	1690.000000	1605.000000	1191.000000	1290.000000	1651.000000	2356.000000	2543.000000	2798.000000	2923.000000	3057.000000	2392.000000	2842.000000	3550.000000	4067.000000	4255.000000	3140.000000	3568.000000	3741.000000	3803.000000	4109.000000	4817.000000	4013.000000	4853.000000	4856.000000	4934.000000	5614.000000	5647.000000	6251.000000	6247.000000	6420.000000	6962.000000	7755.000000	7357.000000	7380.000000	7414.000000	4903.000000	5375.000000	6420.000000	6549.000000	6686.000000	6967.000000	7037.000000	7350.000000	7465.000000	7604.000000	3892.000000	5921.000000	5913.000000	6134.000000	6281.000000	6944.000000	7250.000000	7266.000000	7295.000000	7632.000000	7627.000000	7528.000000	7005.000000	8516.000000	8683.000000	8646.000000	9742.000000	9053.000000	
1756.000000	989300.000000	511.000000	816.000000	969.000000	1099.000000	1251.000000	1250.000000	1678.000000	2035.000000	2264.000000	2319.000000	2639.000000	2645.000000	2844.000000	3493.000000	4366.000000	4655.000000	4715.000000	4576.000000	4818.000000	5467.000000	5175.000000	5065.000000	4573.000000	5744.000000	6050.000000	6404.000000	1114.000000	1511.000000	1635.000000	1884.000000	1791.000000	1884.000000	2073.000000	2077.000000	2194.000000	2476.000000	2807.000000	2794.000000	3018.000000	3051.000000	3110.000000	2270.000000	2487.000000	3121.000000	3581.000000	3691.000000	3166.000000	3458.000000	3933.000000	3780.000000	4031.000000	4519.000000	4113.000000	4984.000000	4988.000000	4810.000000	5603.000000	5361.000000	6040.000000	5956.000000	6016.000000	6562.000000	7124.000000	6998.000000	7091.000000	7141.000000	5239.000000	5756.000000	6501.000000	6648.000000	6858.000000	7262.000000	7204.000000	7407.000000	7647.000000	7957.000000	5015.000000	7356.000000	6567.000000	6733.000000	7012.000000	7421.000000	7695.000000	7726.000000	7859.000000	8123.000000	8256.000000	8191.000000	7800.000000	8641.000000	8614.000000	8387.000000	9600.000000	8507.000000	
2176.000000	511.000000	989300.000000	784.000000	814.000000	948.000000	1123.000000	1027.000000	1528.000000	1880.000000	2489.000000	2192.000000	2513.000000	2566.000000	2818.000000	3459.000000	4328.000000	4608.000000	4693.000000	4549.000000	4863.000000	5541.000000	5315.000000	5242.000000	4773.000000	5859.000000	6223.000000	6530.000000	1621.000000	2004.000000	2135.000000	2389.000000	2211.000000	2378.000000	2578.000000	2587.000000	2705.000000	2986.000000	3295.000000	3263.000000	3478.000000	3498.000000	3545.000000	2710.000000	2875.000000	3463.000000	3892.000000	3977.000000	3594.000000	3854.000000	4368.000000	4183.000000	4418.000000	4848.000000	4530.000000	5390.000000	5394.000000	5171.000000	5974.000000	5676.000000	6361.000000	6259.000000	6290.000000	6828.000000	7318.000000	7268.000000	7378.000000	7432.000000	5675.000000	6193.000000	6877.000000	7027.000000	7248.000000	7670.000000	7590.000000	7768.000000	8031.000000	8370.000000	5524.000000	7864.000000	7035.000000	7193.000000	7486.000000	7858.000000	8125.000000	8158.000000	8306.000000	8557.000000	8710.000000	8650.000000	8278.000000	9004.000000	8935.000000	8665.000000	9893.000000	8706.000000	
2499.000000	816.000000	784.000000	989300.000000	228.000000	317.000000	442.000000	509.000000	866.000000	1221.000000	1748.000000	1504.000000	1825.000000	1841.000000	2062.000000	2709.000000	3583.000000	3868.000000	3941.000000	3799.000000	4087.000000	4761.000000	4532.000000	4465.000000	4003.000000	5075.000000	5444.000000	5746.000000	1676.000000	2119.000000	2207.000000	2407.000000	1730.000000	2114.000000	2370.000000	2532.000000	2633.000000	2836.000000	2959.000000	2857.000000	3035.000000	3020.000000	3036.000000	2246.000000	2298.000000	2807.000000	3197.000000	3260.000000	3072.000000	3267.000000	3844.000000	3602.000000	3807.000000	4161.000000	3968.000000	4799.000000	4803.000000	4516.000000	5325.000000	4970.000000	5657.000000	5540.000000	5551.000000	6083.000000	6542.000000	6524.000000	6644.000000	6700.000000	5136.000000	5653.000000	6230.000000	6381.000000	6617.000000	7064.000000	6950.000000	7098.000000	7388.000000	7767.000000	5303.000000	7757.000000	6563.000000	6697.000000	7032.000000	7304.000000	7554.000000	7592.000000	7771.000000	7993.000000	8189.000000	8142.000000	7829.000000	8330.000000	8221.000000	7922.000000	9156.000000	7931.000000	
2693.000000	969.000000	814.000000	228.000000	989300.000000	137.000000	309.000000	293.000000	727.000000	1085.000000	1850.000000	1388.000000	1710.000000	1753.000000	2006.000000	2645.000000	3514.000000	3794.000000	3879.000000	3735.000000	4059.000000	4746.000000	4551.000000	4504.000000	4058.000000	5078.000000	5477.000000	5753.000000	1894.000000	2335.000000	2427.000000	2631.000000	1935.000000	2339.000000	2597.000000	2760.000000	2860.000000	3063.000000	3176.000000	3066.000000	3237.000000	3216.000000	3226.000000	2449.000000	2475.000000	2951.000000	3319.000000	3368.000000	3258.000000	3434.000000	4026.000000	3769.000000	3964.000000	4284.000000	4140.000000	4959.000000	4963.000000	4653.000000	5462.000000	5080.000000	5766.000000	5640.000000	5636.000000	6161.000000	6581.000000	6603.000000	6730.000000	6788.000000	5311.000000	5826.000000	6367.000000	6518.000000	6759.000000	7215.000000	7089.000000	7223.000000	7523.000000	7918.000000	5526.000000	7984.000000	6751.000000	6879.000000	7222.000000	7470.000000	7716.000000	7754.000000	7943.000000	8155.000000	8363.000000	8320.000000	8020.000000	8451.000000	8320.000000	7999.000000	9237.000000	7968.000000	
2811.000000	1099.000000	948.000000	317.000000	137.000000	989300.000000	176.000000	201.000000	591.000000	949.000000	1782.000000	1252.000000	1574.000000	1619.000000	1876.000000	2513.000000	3381.000000	3661.000000	3748.000000	3602.000000	3934.000000	4624.000000	4440.000000	4399.000000	3960.000000	4962.000000	5370.000000	5637.000000	1992.000000	2435.000000	2522.000000	2718.000000	1949.000000	2388.000000	2652.000000	2836.000000	2934.000000	3124.000000	3205.000000	3082.000000	3244.000000	3216.000000	3219.000000	2458.000000	2457.000000	2906.000000	3258.000000	3299.000000	3248.000000	3406.000000	4011.000000	3741.000000	3926.000000	4222.000000	4114.000000	4923.000000	4927.000000	4601.000000	5409.000000	5009.000000	5694.000000	5564.000000	5551.000000	6073.000000	6476.000000	6514.000000	6646.000000	6704.000000	5288.000000	5800.000000	6312.000000	6463.000000	6708.000000	7169.000000	7035.000000	7159.000000	7467.000000	7872.000000	5565.000000	8037.000000	6739.000000	6861.000000	7213.000000	7437.000000	7679.000000	7718.000000	7914.000000	8119.000000	8336.000000	8297.000000	8010.000000	8385.000000	8241.000000	7909.000000	9148.000000	7862.000000	
2937.000000	1251.000000	1123.000000	442.000000	309.000000	176.000000	989300.000000	234.000000	428.000000	786.000000	1666.000000	1082.000000	1404.000000	1444.000000	1701.000000	2338.000000	3206.000000	3486.000000	3572.000000	3427.000000	3760.000000	4452.000000	4275.000000	4241.000000	3808.000000	4793.000000	5208.000000	5469.000000	2089.000000	2535.000000	2613.000000	2797.000000	1932.000000	2416.000000	2688.000000	2900.000000	2993.000000	3165.000000	3203.000000	3063.000000	3214.000000	3176.000000	3170.000000	2434.000000	2399.000000	2812.000000	3145.000000	3177.000000	3195.000000	3331.000000	3950.000000	3665.000000	3839.000000	4107.000000	4041.000000	4837.000000	4841.000000	4495.000000	5302.000000	4883.000000	5567.000000	5432.000000	5411.000000	5929.000000	6316.000000	6370.000000	6505.000000	6565.000000	5215.000000	5725.000000	6203.000000	6354.000000	6603.000000	7071.000000	6926.000000	7041.000000	7356.000000	7772.000000	5572.000000	8061.000000	6679.000000	6795.000000	7156.000000	7353.000000	7589.000000	7629.000000	7833.000000	8029.000000	8258.000000	8223.000000	7952.000000	8262.000000	8105.000000	7764.000000	9003.000000	7701.000000	
2984.000000	1250.000000	1027.000000	509.000000	293.000000	201.000000	234.000000	989300.000000	515.000000	857.000000	1898.000000	1174.000000	1492.000000	1565.000000	1849.000000	2472.000000	3331.000000	3605.000000	3703.000000	3556.000000	3919.000000	4618.000000	4465.000000	4443.000000	4019.000000	4972.000000	5404.000000	5649.000000	2183.000000	2626.000000	2716.000000	2915.000000	2137.000000	2588.000000	2853.000000	3036.000000	3134.000000	3325.000000	3399.000000	3270.000000	3427.000000	3394.000000	3392.000000	2644.000000	2624.000000	3045.000000	3377.000000	3407.000000	3418.000000	3562.000000	4177.000000	3895.000000	4072.000000	4339.000000	4272.000000	5069.000000	5074.000000	4728.000000	5535.000000	5112.000000	5795.000000	5657.000000	5631.000000	6146.000000	6514.000000	6587.000000	6725.000000	6785.000000	5446.000000	5955.000000	6435.000000	6587.000000	6836.000000	7304.000000	7159.000000	7271.000000	7588.000000	8005.000000	5762.000000	8236.000000	6906.000000	7024.000000	7382.000000	7585.000000	7822.000000	7862.000000	8065.000000	8262.000000	8490.000000	8453.000000	8178.000000	8491.000000	8328.000000	7979.000000	9219.000000	7896.000000	
3346.000000	1678.000000	1528.000000	866.000000	727.000000	591.000000	428.000000	515.000000	989300.000000	359.000000	1615.000000	664.000000	986.000000	1050.000000	1340.000000	1958.000000	2816.000000	3091.000000	3188.000000	3041.000000	3412.000000	4115.000000	3987.000000	3984.000000	3583.000000	4479.000000	4933.000000	5156.000000	2470.000000	2915.000000	2983.000000	3149.000000	2130.000000	2690.000000	2972.000000	3229.000000	3314.000000	3454.000000	3409.000000	3236.000000	3359.000000	3300.000000	3273.000000	2604.000000	2488.000000	2799.000000	3070.000000	3069.000000	3286.000000	3364.000000	4014.000000	3691.000000	3833.000000	4014.000000	4072.000000	4825.000000	4829.000000	4430.000000	5227.000000	4750.000000	5426.000000	5274.000000	5223.000000	5725.000000	6044.000000	6164.000000	6313.000000	6375.000000	5240.000000	5738.000000	6117.000000	6268.000000	6527.000000	7012.000000	6838.000000	6921.000000	7259.000000	7708.000000	5783.000000	8298.000000	6729.000000	6826.000000	7211.000000	7334.000000	7554.000000	7598.000000	7823.000000	7995.000000	8255.000000	8229.000000	8003.000000	8127.000000	7926.000000	7547.000000	8787.000000	7421.000000	
3687.000000	2035.000000	1880.000000	1221.000000	1085.000000	949.000000	786.000000	857.000000	359.000000	989300.000000	1634.000000	323.000000	636.000000	734.000000	1058.000000	1644.000000	2487.000000	2757.000000	2864.000000	2715.000000	3119.000000	3830.000000	3745.000000	3771.000000	3400.000000	4213.000000	4699.000000	4888.000000	2791.000000	3234.000000	3294.000000	3445.000000	2325.000000	2931.000000	3218.000000	3508.000000	3586.000000	3700.000000	3592.000000	3394.000000	3493.000000	3418.000000	3374.000000	2769.000000	2592.000000	2813.000000	3026.000000	2997.000000	3378.000000	3407.000000	4076.000000	3724.000000	3838.000000	3943.000000	4106.000000	4816.000000	4820.000000	4379.000000	5162.000000	4639.000000	5304.000000	5139.000000	5062.000000	5548.000000	5809.000000	5983.000000	6143.000000	6207.000000	5258.000000	5745.000000	6038.000000	6188.000000	6455.000000	6952.000000	6755.000000	6810.000000	7166.000000	7641.000000	5954.000000	8482.000000	6762.000000	6843.000000	7246.000000	7306.000000	7512.000000	7558.000000	7801.000000	7951.000000	8236.000000	8219.000000	8030.000000	7998.000000	7762.000000	7353.000000	8590.000000	7176.000000	
3256.000000	2264.000000	2489.000000	1748.000000	1850.000000	1782.000000	1666.000000	1898.000000	1615.000000	1634.000000	989300.000000	1574.000000	1680.000000	1480.000000	1345.000000	1809.000000	2554.000000	2837.000000	2815.000000	2708.000000	2738.000000	3307.000000	2937.000000	2805.000000	2309.000000	3526.000000	3789.000000	4169.000000	2287.000000	2628.000000	2605.000000	2622.000000	1142.000000	1845.000000	2114.000000	2554.000000	2582.000000	2545.000000	2184.000000	1925.000000	1960.000000	1855.000000	1785.000000	1371.000000	1038.000000	1187.000000	1480.000000	1519.000000	1776.000000	1774.000000	2446.000000	2092.000000	2220.000000	2442.000000	2474.000000	3211.000000	3215.000000	2833.000000	3638.000000	3230.000000	3916.000000	3794.000000	3806.000000	4341.000000	4860.000000	4782.000000	4897.000000	4953.000000	3633.000000	4127.000000	4538.000000	4689.000000	4940.000000	5413.000000	5261.000000	5378.000000	5690.000000	6113.000000	4447.000000	6979.000000	5132.000000	5219.000000	5616.000000	5721.000000	5945.000000	5988.000000	6210.000000	6386.000000	6641.000000	6615.000000	6402.000000	6603.000000	6475.000000	6179.000000	7411.000000	6244.000000	
3928.000000	2319.000000	2192.000000	1504.000000	1388.000000	1252.000000	1082.000000	1174.000000	664.000000	323.000000	1574.000000	989300.000000	323.000000	418.000000	759.000000	1324.000000	2165.000000	2435.000000	2541.000000	2393.000000	2804.000000	3517.000000	3453.000000	3495.000000	3146.000000	3907.000000	4409.000000	4581.000000	3006.000000	3444.000000	3492.000000	3625.000000	2408.000000	3052.000000	3341.000000	3665.000000	3735.000000	3820.000000	3645.000000	3426.000000	3501.000000	3411.000000	3352.000000	2814.000000	2584.000000	2720.000000	2880.000000	2829.000000	3347.000000	3332.000000	4012.000000	3638.000000	3727.000000	3768.000000	4017.000000	4686.000000	4690.000000	4217.000000	4986.000000	4430.000000	5084.000000	4910.000000	4816.000000	5290.000000	5517.000000	5722.000000	5889.000000	5954.000000	5150.000000	5624.000000	5847.000000	5996.000000	6268.000000	6774.000000	6559.000000	6595.000000	6963.000000	7456.000000	5983.000000	8517.000000	6660.000000	6726.000000	7145.000000	7151.000000	7346.000000	7394.000000	7650.000000	7782.000000	8086.000000	8076.000000	7919.000000	7768.000000	7509.000000	7083.000000	8316.000000	6877.000000	
4230.000000	2639.000000	2513.000000	1825.000000	1710.000000	1574.000000	1404.000000	1492.000000	986.000000	636.000000	1680.000000	323.000000	989300.000000	237.000000	578.000000	1046.000000	1862.000000	2126.000000	2242.000000	2092.000000	2535.000000	3252.000000	3232.000000	3301.000000	2989.000000	3658.000000	4188.000000	4328.000000	3297.000000	3731.000000	3772.000000	3892.000000	2615.000000	3282.000000	3571.000000	3918.000000	3982.000000	4045.000000	3820.000000	3583.000000	3637.000000	3534.000000	3462.000000	2988.000000	2714.000000	2766.000000	2868.000000	2791.000000	3449.000000	3391.000000	4076.000000	3683.000000	3743.000000	3712.000000	4055.000000	4677.000000	4680.000000	4174.000000	4922.000000	4328.000000	4965.000000	4780.000000	4663.000000	5119.000000	5290.000000	5545.000000	5721.000000	5788.000000	5161.000000	5620.000000	5762.000000	5909.000000	6187.000000	6700.000000	6466.000000	6476.000000	6859.000000	7372.000000	6125.000000	8658.000000	6671.000000	6723.000000	7155.000000	7105.000000	7286.000000	7335.000000	7606.000000	7718.000000	8043.000000	8041.000000	7919.000000	7628.000000	7338.000000	6887.000000	8114.000000	6637.000000	
4178.000000	2645.000000	2566.000000	1841.000000	1753.000000	1619.000000	1444.000000	1565.000000	1050.000000	734.000000	1480.000000	418.000000	237.000000	989300.000000	358.000000	912.000000	1767.000000	2043.000000	2139.000000	1991.000000	2387.000000	3100.000000	3044.000000	3097.000000	2770.000000	3491.000000	4000.000000	4164.000000	3227.000000	3653.000000	3684.000000	3789.000000	2464.000000	3145.000000	3433.000000	3799.000000	3857.000000	3902.000000	3642.000000	3397.000000	3440.000000	3332.000000	3255.000000	2813.000000	2518.000000	2542.000000	2633.000000	2555.000000	3239.000000	3167.000000	3853.000000	3456.000000	3512.000000	3476.000000	3827.000000	4442.000000	4446.000000	3938.000000	4687.000000	4096.000000	4737.000000	4554.000000	4444.000000	4906.000000	5106.000000	5335.000000	5508.000000	5574.000000	4928.000000	5385.000000	5529.000000	5676.000000	5953.000000	6466.000000	6234.000000	6249.000000	6628.000000	7139.000000	5927.000000	8458.000000	6438.000000	6488.000000	6922.000000	6869.000000	7051.000000	7100.000000	7370.000000	7483.000000	7807.000000	7805.000000	7684.000000	7406.000000	7126.000000	6686.000000	7916.000000	6463.000000	
4284.000000	2844.000000	2818.000000	2062.000000	2006.000000	1876.000000	1701.000000	1849.000000	1340.000000	1058.000000	1345.000000	759.000000	578.000000	358.000000	989300.000000	649.000000	1523.000000	1811.000000	1879.000000	1737.000000	2073.000000	2778.000000	2694.000000	2741.000000	2413.000000	3155.000000	3650.000000	3830.000000	3315.000000	3724.000000	3740.000000	3818.000000	2419.000000	3119.000000	3402.000000	3801.000000	3847.000000	3856.000000	3528.000000	3264.000000	3282.000000	3161.000000	3070.000000	2713.000000	2369.000000	2303.000000	2344.000000	2248.000000	3045.000000	2932.000000	3616.000000	3204.000000	3237.000000	3153.000000	3568.000000	4144.000000	4148.000000	3621.000000	4357.000000	3752.000000	4387.000000	4202.000000	4088.000000	4549.000000	4758.000000	4978.000000	5150.000000	5216.000000	4643.000000	5088.000000	5190.000000	5336.000000	5615.000000	6130.000000	5891.000000	5898.000000	6282.000000	6799.000000	5755.000000	8274.000000	6149.000000	6189.000000	6631.000000	6545.000000	6720.000000	6770.000000	7047.000000	7150.000000	7484.000000	7485.000000	7385.000000	7051.000000	6769.000000	6330.000000	7561.000000	6120.000000	
4903.000000	3493.000000	3459.000000	2709.000000	2645.000000	2513.000000	2338.000000	2472.000000	1958.000000	1644.000000	1809.000000	1324.000000	1046.000000	912.000000	649.000000	989300.000000	875.000000	1163.000000	1235.000000	1091.000000	1490.000000	2207.000000	2231.000000	2349.000000	2127.000000	2621.000000	3180.000000	3287.000000	3928.000000	4325.000000	4330.000000	4388.000000	2940.000000	3646.000000	3920.000000	4347.000000	4382.000000	4354.000000	3943.000000	3658.000000	3633.000000	3494.000000	3380.000000	3163.000000	2763.000000	2534.000000	2436.000000	2285.000000	3341.000000	3144.000000	3806.000000	3371.000000	3341.000000	3094.000000	3705.000000	4156.000000	4160.000000	3573.000000	4240.000000	3561.000000	4145.000000	3937.000000	3771.000000	4184.000000	4270.000000	4596.000000	4788.000000	4857.000000	4686.000000	5088.000000	5011.000000	5151.000000	5437.000000	5963.000000	5683.000000	5637.000000	6047.000000	6602.000000	6049.000000	8525.000000	6163.000000	6170.000000	6635.000000	6429.000000	6573.000000	6626.000000	6930.000000	6990.000000	7362.000000	7381.000000	7354.000000	6735.000000	6391.000000	5903.000000	7117.000000	5603.000000	
5741.000000	4366.000000	4328.000000	3583.000000	3514.000000	3381.000000	3206.000000	3331.000000	2816.000000	2487.000000	2554.000000	2165.000000	1862.000000	1767.000000	1523.000000	875.000000	989300.000000	292.000000	383.000000	232.000000	845.000000	1519.000000	1769.000000	2009.000000	1996.000000	1989.000000	2640.000000	2610.000000	4763.000000	5145.000000	5139.000000	5173.000000	3694.000000	4394.000000	4655.000000	5106.000000	5129.000000	5060.000000	4566.000000	4264.000000	4195.000000	4039.000000	3906.000000	3843.000000	3400.000000	3018.000000	2776.000000	2576.000000	3852.000000	3570.000000	4176.000000	3733.000000	3630.000000	3189.000000	4016.000000	4287.000000	4290.000000	3655.000000	4194.000000	3445.000000	3925.000000	3692.000000	3455.000000	3777.000000	3664.000000	4150.000000	4365.000000	4436.000000	4839.000000	5170.000000	4850.000000	4976.000000	5265.000000	5792.000000	5463.000000	5341.000000	5779.000000	6374.000000	6484.000000	8865.000000	6233.000000	6197.000000	6682.000000	6318.000000	6416.000000	6472.000000	6807.000000	6805.000000	7225.000000	7265.000000	7339.000000	6337.000000	5912.000000	5361.000000	6533.000000	4927.000000	
6032.000000	4655.000000	4608.000000	3868.000000	3794.000000	3661.000000	3486.000000	3605.000000	3091.000000	2757.000000	2837.000000	2435.000000	2126.000000	2043.000000	1811.000000	1163.000000	292.000000	989300.000000	221.000000	169.000000	800.000000	1388.000000	1745.000000	2025.000000	2088.000000	1874.000000	2553.000000	2458.000000	5054.000000	5435.000000	5427.000000	5458.000000	3976.000000	4673.000000	4932.000000	5387.000000	5408.000000	5331.000000	4821.000000	4517.000000	4438.000000	4279.000000	4143.000000	4112.000000	3662.000000	3252.000000	2980.000000	2772.000000	4085.000000	3786.000000	4373.000000	3931.000000	3810.000000	3321.000000	4198.000000	4417.000000	4420.000000	3776.000000	4269.000000	3506.000000	3944.000000	3706.000000	3446.000000	3729.000000	3533.000000	4082.000000	4305.000000	4376.000000	4970.000000	5277.000000	4882.000000	5001.000000	5289.000000	5812.000000	5468.000000	5320.000000	5765.000000	6372.000000	6687.000000	9034.000000	6331.000000	6280.000000	6769.000000	6355.000000	6437.000000	6494.000000	6837.000000	6815.000000	7249.000000	7296.000000	7403.000000	6273.000000	5819.000000	5245.000000	6394.000000	4757.000000	
6041.000000	4715.000000	4693.000000	3941.000000	3879.000000	3748.000000	3572.000000	3703.000000	3188.000000	2864.000000	2815.000000	2541.000000	2242.000000	2139.000000	1879.000000	1235.000000	383.000000	221.000000	989300.000000	151.000000	582.000000	1178.000000	1526.000000	1811.000000	1896.000000	1660.000000	2335.000000	2257.000000	5062.000000	5432.000000	5417.000000	5435.000000	3946.000000	4637.000000	4888.000000	5352.000000	5367.000000	5274.000000	4739.000000	4432.000000	4342.000000	4180.000000	4039.000000	4053.000000	3594.000000	3148.000000	2849.000000	2635.000000	3978.000000	3662.000000	4232.000000	3793.000000	3658.000000	3143.000000	4047.000000	4235.000000	4238.000000	3591.000000	4066.000000	3300.000000	3729.000000	3489.000000	3227.000000	3509.000000	3326.000000	3863.000000	4085.000000	4157.000000	4788.000000	5084.000000	4667.000000	4786.000000	5074.000000	5596.000000	5250.000000	5100.000000	5545.000000	6153.000000	6547.000000	8868.000000	6133.000000	6078.000000	6568.000000	6142.000000	6221.000000	6278.000000	6622.000000	6597.000000	7032.000000	7081.000000	7195.000000	6054.000000	5604.000000	5034.000000	6190.000000	4565.000000	
5921.000000	4576.000000	4549.000000	3799.000000	3735.000000	3602.000000	3427.000000	3556.000000	3041.000000	2715.000000	2708.000000	2393.000000	2092.000000	1991.000000	1737.000000	1091.000000	232.000000	169.000000	151.000000	989300.000000	672.000000	1309.000000	1614.000000	1881.000000	1926.000000	1787.000000	2452.000000	2395.000000	4942.000000	5317.000000	5305.000000	5330.000000	3844.000000	4538.000000	4793.000000	5253.000000	5271.000000	5187.000000	4667.000000	4362.000000	4280.000000	4120.000000	3982.000000	3966.000000	3513.000000	3091.000000	2813.000000	2605.000000	3924.000000	3621.000000	4205.000000	3764.000000	3642.000000	3155.000000	4030.000000	4251.000000	4254.000000	3611.000000	4112.000000	3352.000000	3802.000000	3565.000000	3313.000000	3612.000000	3458.000000	3974.000000	4193.000000	4264.000000	4804.000000	5114.000000	4736.000000	4858.000000	5146.000000	5670.000000	5331.000000	5193.000000	5635.000000	6238.000000	6519.000000	8865.000000	6170.000000	6122.000000	6610.000000	6208.000000	6295.000000	6352.000000	6693.000000	6677.000000	7106.000000	7151.000000	7249.000000	6164.000000	5724.000000	5162.000000	6324.000000	4707.000000	
5994.000000	4818.000000	4863.000000	4087.000000	4059.000000	3934.000000	3760.000000	3919.000000	3412.000000	3119.000000	2738.000000	2804.000000	2535.000000	2387.000000	2073.000000	1490.000000	845.000000	800.000000	582.000000	672.000000	989300.000000	719.000000	945.000000	1232.000000	1370.000000	1159.000000	1795.000000	1808.000000	5024.000000	5360.000000	5326.000000	5311.000000	3822.000000	4485.000000	4716.000000	5197.000000	5197.000000	5063.000000	4468.000000	4157.000000	4036.000000	3869.000000	3719.000000	3852.000000	3374.000000	2842.000000	2475.000000	2249.000000	3651.000000	3295.000000	3814.000000	3384.000000	3218.000000	2638.000000	3605.000000	3716.000000	3719.000000	3069.000000	3504.000000	2733.000000	3148.000000	2908.000000	2646.000000	2941.000000	2834.000000	3307.000000	3524.000000	3596.000000	4268.000000	4540.000000	4087.000000	4205.000000	4492.000000	5014.000000	4669.000000	4523.000000	4966.000000	5572.000000	6120.000000	8374.000000	5579.000000	5515.000000	6007.000000	5562.000000	5639.000000	5696.000000	6042.000000	6016.000000	6451.000000	6500.000000	6622.000000	5496.000000	5067.000000	4520.000000	5702.000000	4130.000000	
6536.000000	5467.000000	5541.000000	4761.000000	4746.000000	4624.000000	4452.000000	4618.000000	4115.000000	3830.000000	3307.000000	3517.000000	3252.000000	3100.000000	2778.000000	2207.000000	1519.000000	1388.000000	1178.000000	1309.000000	719.000000	989300.000000	670.000000	1037.000000	1432.000000	489.000000	1187.000000	1095.000000	5583.000000	5889.000000	5839.000000	5795.000000	4329.000000	4955.000000	5162.000000	5653.000000	5639.000000	5464.000000	4811.000000	4502.000000	4346.000000	4175.000000	4017.000000	4285.000000	3801.000000	3188.000000	2745.000000	2515.000000	3940.000000	3538.000000	3959.000000	3559.000000	3340.000000	2642.000000	3710.000000	3640.000000	3642.000000	3003.000000	3272.000000	2501.000000	2772.000000	2526.000000	2212.000000	2402.000000	2149.000000	2722.000000	2953.000000	3024.000000	4173.000000	4363.000000	3715.000000	3815.000000	4094.000000	4599.000000	4224.000000	4023.000000	4477.000000	5100.000000	6200.000000	8293.000000	5347.000000	5248.000000	5740.000000	5179.000000	5218.000000	5276.000000	5637.000000	5565.000000	6026.000000	6090.000000	6287.000000	4908.000000	4435.000000	3857.000000	5016.000000	3417.000000	
6085.000000	5175.000000	5315.000000	4532.000000	4551.000000	4440.000000	4275.000000	4465.000000	3987.000000	3745.000000	2937.000000	3453.000000	3232.000000	3044.000000	2694.000000	2231.000000	1769.000000	1745.000000	1526.000000	1614.000000	945.000000	670.000000	989300.000000	368.000000	805.000000	611.000000	957.000000	1232.000000	5159.000000	5430.000000	5366.000000	5296.000000	3869.000000	4454.000000	4640.000000	5133.000000	5109.000000	4908.000000	4226.000000	3921.000000	3749.000000	3577.000000	3418.000000	3764.000000	3283.000000	2628.000000	2154.000000	1929.000000	3338.000000	2921.000000	3306.000000	2917.000000	2686.000000	1974.000000	3051.000000	2974.000000	2975.000000	2335.000000	2641.000000	1865.000000	2216.000000	1973.000000	1702.000000	2010.000000	2064.000000	2395.000000	2603.000000	2674.000000	3510.000000	3718.000000	3160.000000	3273.000000	3558.000000	4077.000000	3726.000000	3579.000000	4022.000000	4628.000000	5533.000000	7634.000000	4723.000000	4639.000000	5131.000000	4634.000000	4702.000000	4759.000000	5109.000000	5073.000000	5514.000000	5566.000000	5714.000000	4574.000000	4179.000000	3674.000000	4889.000000	3435.000000	
5871.000000	5065.000000	5242.000000	4465.000000	4504.000000	4399.000000	4241.000000	4443.000000	3984.000000	3771.000000	2805.000000	3495.000000	3301.000000	3097.000000	2741.000000	2349.000000	2009.000000	2025.000000	1811.000000	1881.000000	1232.000000	1037.000000	368.000000	989300.000000	530.000000	896.000000	986.000000	1418.000000	4968.000000	5214.000000	5141.000000	5055.000000	3664.000000	4216.000000	4386.000000	4880.000000	4848.000000	4630.000000	3931.000000	3630.000000	3446.000000	3275.000000	3116.000000	3517.000000	3043.000000	2363.000000	1869.000000	1652.000000	3034.000000	2606.000000	2959.000000	2581.000000	2339.000000	1612.000000	2698.000000	2607.000000	2609.000000	1968.000000	2293.000000	1517.000000	1921.000000	1685.000000	1453.000000	1836.000000	2079.000000	2250.000000	2439.000000	2508.000000	3144.000000	3361.000000	2857.000000	2977.000000	3266.000000	3790.000000	3455.000000	3341.000000	3774.000000	4366.000000	5171.000000	7268.000000	4375.000000	4299.000000	4791.000000	4331.000000	4415.000000	4471.000000	4813.000000	4799.000000	5226.000000	5272.000000	5392.000000	4393.000000	4047.000000	3589.000000	4822.000000	3467.000000	
5342.000000	4573.000000	4773.000000	4003.000000	4058.000000	3960.000000	3808.000000	4019.000000	3583.000000	3400.000000	2309.000000	3146.000000	2989.000000	2770.000000	2413.000000	2127.000000	1996.000000	2088.000000	1896.000000	1926.000000	1370.000000	1432.000000	805.000000	530.000000	989300.000000	1400.000000	1491.000000	1947.000000	4442.000000	4685.000000	4612.000000	4526.000000	3136.000000	3687.000000	3860.000000	4353.000000	4324.000000	4112.000000	3424.000000	3119.000000	2945.000000	2773.000000	2614.000000	2989.000000	2514.000000	1838.000000	1353.000000	1131.000000	2534.000000	2118.000000	2531.000000	2128.000000	1914.000000	1272.000000	2291.000000	2348.000000	2350.000000	1701.000000	2199.000000	1463.000000	2018.000000	1812.000000	1675.000000	2148.000000	2552.000000	2584.000000	2744.000000	2809.000000	2900.000000	3190.000000	2901.000000	3036.000000	3324.000000	3852.000000	3559.000000	3514.000000	3920.000000	4478.000000	4799.000000	7007.000000	4244.000000	4202.000000	4688.000000	4348.000000	4469.000000	4524.000000	4844.000000	4877.000000	5270.000000	5300.000000	5345.000000	4641.000000	4364.000000	3965.000000	5205.000000	3938.000000	
6694.000000	5744.000000	5859.000000	5075.000000	5078.000000	4962.000000	4793.000000	4972.000000	4479.000000	4213.000000	3526.000000	3907.000000	3658.000000	3491.000000	3155.000000	2621.000000	1989.000000	1874.000000	1660.000000	1787.000000	1159.000000	489.000000	611.000000	896.000000	1400.000000	989300.000000	706.000000	677.000000	5764.000000	6039.000000	5976.000000	5906.000000	4478.000000	5064.000000	5249.000000	5743.000000	5717.000000	5511.000000	4821.000000	4518.000000	4339.000000	4168.000000	4008.000000	4374.000000	3894.000000	3234.000000	2752.000000	2530.000000	3927.000000	3501.000000	3843.000000	3473.000000	3224.000000	2473.000000	3574.000000	3389.000000	3391.000000	2776.000000	2937.000000	2186.000000	2369.000000	2124.000000	1790.000000	1931.000000	1676.000000	2238.000000	2470.000000	2541.000000	3901.000000	4042.000000	3300.000000	3392.000000	3664.000000	4160.000000	3776.000000	3556.000000	4012.000000	4638.000000	6012.000000	7994.000000	4986.000000	4871.000000	5360.000000	4750.000000	4774.000000	4832.000000	5197.000000	5110.000000	5578.000000	5648.000000	5874.000000	4421.000000	3947.000000	3375.000000	4545.000000	2982.000000	
6806.000000	6050.000000	6223.000000	5444.000000	5477.000000	5370.000000	5208.000000	5404.000000	4933.000000	4699.000000	3789.000000	4409.000000	4188.000000	4000.000000	3650.000000	3180.000000	2640.000000	2553.000000	2335.000000	2452.000000	1795.000000	1187.000000	957.000000	986.000000	1491.000000	706.000000	989300.000000	618.000000	5924.000000	6149.000000	6068.000000	5962.000000	4614.000000	5131.000000	5280.000000	5769.000000	5726.000000	5479.000000	4750.000000	4463.000000	4254.000000	4089.000000	3930.000000	4426.000000	3965.000000	3263.000000	2750.000000	2553.000000	3845.000000	3400.000000	3616.000000	3302.000000	3019.000000	2226.000000	3325.000000	2976.000000	2977.000000	2420.000000	2410.000000	1721.000000	1751.000000	1515.000000	1158.000000	1229.000000	1111.000000	1537.000000	1767.000000	1838.000000	3445.000000	3513.000000	2654.000000	2734.000000	2998.000000	3481.000000	3088.000000	2855.000000	3311.000000	3940.000000	5640.000000	7459.000000	4396.000000	4260.000000	4742.000000	4080.000000	4089.000000	4147.000000	4516.000000	4415.000000	4889.000000	4963.000000	5216.000000	3724.000000	3273.000000	2734.000000	3938.000000	2493.000000	
7287.000000	6404.000000	6530.000000	5746.000000	5753.000000	5637.000000	5469.000000	5649.000000	5156.000000	4888.000000	4169.000000	4581.000000	4328.000000	4164.000000	3830.000000	3287.000000	2610.000000	2458.000000	2257.000000	2395.000000	1808.000000	1095.000000	1232.000000	1418.000000	1947.000000	677.000000	618.000000	989300.000000	6376.000000	6630.000000	6558.000000	6470.000000	5077.000000	5632.000000	5798.000000	6291.000000	6256.000000	6025.000000	5309.000000	5015.000000	4817.000000	4648.000000	4489.000000	4932.000000	4459.000000	3774.000000	3271.000000	3061.000000	4404.000000	3964.000000	4216.000000	3887.000000	3612.000000	2824.000000	3929.000000	3594.000000	3594.000000	3036.000000	3012.000000	2338.000000	2317.000000	2091.000000	1728.000000	1664.000000	1094.000000	1857.000000	2099.000000	2166.000000	4058.000000	4109.000000	3179.000000	3243.000000	3490.000000	3945.000000	3537.000000	3249.000000	3704.000000	4336.000000	6257.000000	8043.000000	4957.000000	4806.000000	5281.000000	4556.000000	4533.000000	4590.000000	4965.000000	4824.000000	5314.000000	5400.000000	5707.000000	3966.000000	3431.000000	2814.000000	3938.000000	2323.000000	
979.000000	1114.000000	1621.000000	1676.000000	1894.000000	1992.000000	2089.000000	2183.000000	2470.000000	2791.000000	2287.000000	3006.000000	3297.000000	3227.000000	3315.000000	3928.000000	4763.000000	5054.000000	5062.000000	4942.000000	5024.000000	5583.000000	5159.000000	4968.000000	4442.000000	5764.000000	5924.000000	6376.000000	989300.000000	446.000000	537.000000	771.000000	1312.000000	990.000000	1075.000000	971.000000	1092.000000	1402.000000	1877.000000	1956.000000	2209.000000	2292.000000	2395.000000	1610.000000	2001.000000	2713.000000	3225.000000	3394.000000	2469.000000	2852.000000	3174.000000	3133.000000	3424.000000	4058.000000	3408.000000	4282.000000	4286.000000	4248.000000	4990.000000	4907.000000	5550.000000	5514.000000	5646.000000	6196.000000	6918.000000	6610.000000	6661.000000	6702.000000	4439.000000	4944.000000	5850.000000	5990.000000	6164.000000	6511.000000	6517.000000	6780.000000	6958.000000	7186.000000	3934.000000	6243.000000	5648.000000	5839.000000	6068.000000	6587.000000	6878.000000	6902.000000	6991.000000	7289.000000	7364.000000	7285.000000	6840.000000	7991.000000	8070.000000	7952.000000	9107.000000	8255.000000	
658.000000	1511.000000	2004.000000	2119.000000	2335.000000	2435.000000	2535.000000	2626.000000	2915.000000	3234.000000	2628.000000	3444.000000	3731.000000	3653.000000	3724.000000	4325.000000	5145.000000	5435.000000	5432.000000	5317.000000	5360.000000	5889.000000	5430.000000	5214.000000	4685.000000	6039.000000	6149.000000	6630.000000	446.000000	989300.000000	159.000000	437.000000	1563.000000	1045.000000	1005.000000	702.000000	825.000000	1182.000000	1799.000000	1947.000000	2205.000000	2317.000000	2441.000000	1742.000000	2186.000000	2895.000000	3412.000000	3599.000000	2522.000000	2939.000000	3165.000000	3190.000000	3492.000000	4180.000000	3424.000000	4282.000000	4286.000000	4320.000000	5024.000000	5018.000000	5636.000000	5621.000000	5782.000000	6327.000000	7104.000000	6728.000000	6760.000000	6796.000000	4380.000000	4869.000000	5855.000000	5989.000000	6143.000000	6455.000000	6496.000000	6787.000000	6931.000000	7112.000000	3645.000000	5877.000000	5495.000000	5701.000000	5894.000000	6481.000000	6780.000000	6801.000000	6861.000000	7179.000000	7216.000000	7128.000000	6648.000000	7976.000000	8105.000000	8037.000000	9157.000000	8412.000000	
748.000000	1635.000000	2135.000000	2207.000000	2427.000000	2522.000000	2613.000000	2716.000000	2983.000000	3294.000000	2605.000000	3492.000000	3772.000000	3684.000000	3740.000000	4330.000000	5139.000000	5427.000000	5417.000000	5305.000000	5326.000000	5839.000000	5366.000000	5141.000000	4612.000000	5976.000000	6068.000000	6558.000000	537.000000	159.000000	989300.000000	280.000000	1511.000000	943.000000	871.000000	544.000000	667.000000	1025.000000	1656.000000	1815.000000	2073.000000	2190.000000	2318.000000	1647.000000	2104.000000	2807.000000	3323.000000	3515.000000	2401.000000	2824.000000	3028.000000	3066.000000	3371.000000	4071.000000	3291.000000	4145.000000	4148.000000	4198.000000	4893.000000	4904.000000	5514.000000	5505.000000	5674.000000	6217.000000	7009.000000	6614.000000	6641.000000	6676.000000	4233.000000	4720.000000	5717.000000	5850.000000	6000.000000	6308.000000	6353.000000	6649.000000	6787.000000	6962.000000	3490.000000	5737.000000	5339.000000	5545.000000	5736.000000	6328.000000	6628.000000	6648.000000	6706.000000	7025.000000	7060.000000	6971.000000	6490.000000	7833.000000	7971.000000	7913.000000	9026.000000	8306.000000	
927.000000	1884.000000	2389.000000	2407.000000	2631.000000	2718.000000	2797.000000	2915.000000	3149.000000	3445.000000	2622.000000	3625.000000	3892.000000	3789.000000	3818.000000	4388.000000	5173.000000	5458.000000	5435.000000	5330.000000	5311.000000	5795.000000	5296.000000	5055.000000	4526.000000	5906.000000	5962.000000	6470.000000	771.000000	437.000000	280.000000	989300.000000	1493.000000	842.000000	693.000000	277.000000	394.000000	758.000000	1430.000000	1619.000000	1874.000000	2003.000000	2140.000000	1539.000000	2014.000000	2700.000000	3212.000000	3413.000000	2225.000000	2659.000000	2814.000000	2883.000000	3190.000000	3913.000000	3086.000000	3928.000000	3931.000000	4013.000000	4687.000000	4735.000000	5330.000000	5332.000000	5515.000000	6053.000000	6874.000000	6442.000000	6460.000000	6492.000000	3993.000000	4473.000000	5496.000000	5626.000000	5769.000000	6064.000000	6121.000000	6427.000000	6552.000000	6712.000000	3211.000000	5476.000000	5071.000000	5280.000000	5464.000000	6070.000000	6372.000000	6390.000000	6442.000000	6765.000000	6792.000000	6702.000000	6215.000000	7601.000000	7757.000000	7721.000000	8816.000000	8151.000000	
2216.000000	1791.000000	2211.000000	1730.000000	1935.000000	1949.000000	1932.000000	2137.000000	2130.000000	2325.000000	1142.000000	2408.000000	2615.000000	2464.000000	2419.000000	2940.000000	3694.000000	3976.000000	3946.000000	3844.000000	3822.000000	4329.000000	3869.000000	3664.000000	3136.000000	4478.000000	4614.000000	5077.000000	1312.000000	1563.000000	1511.000000	1493.000000	989300.000000	706.000000	984.000000	1413.000000	1443.000000	1440.000000	1280.000000	1134.000000	1305.000000	1299.000000	1335.000000	516.000000	721.000000	1417.000000	1923.000000	2084.000000	1384.000000	1670.000000	2157.000000	1989.000000	2246.000000	2796.000000	2325.000000	3193.000000	3197.000000	3042.000000	3824.000000	3648.000000	4311.000000	4253.000000	4362.000000	4912.000000	5609.000000	5335.000000	5401.000000	5446.000000	3464.000000	3983.000000	4716.000000	4863.000000	5069.000000	5472.000000	5416.000000	5630.000000	5859.000000	6169.000000	3655.000000	6168.000000	4849.000000	4995.000000	5312.000000	5647.000000	5915.000000	5948.000000	6098.000000	6347.000000	6504.000000	6449.000000	6108.000000	6862.000000	6870.000000	6698.000000	7883.000000	6953.000000	
1690.000000	1884.000000	2378.000000	2114.000000	2339.000000	2388.000000	2416.000000	2588.000000	2690.000000	2931.000000	1845.000000	3052.000000	3282.000000	3145.000000	3119.000000	3646.000000	4394.000000	4673.000000	4637.000000	4538.000000	4485.000000	4955.000000	4454.000000	4216.000000	3687.000000	5064.000000	5131.000000	5632.000000	990.000000	1045.000000	943.000000	842.000000	706.000000	989300.000000	290.000000	716.000000	738.000000	771.000000	926.000000	968.000000	1220.000000	1306.000000	1416.000000	706.000000	1174.000000	1869.000000	2384.000000	2579.000000	1494.000000	1899.000000	2184.000000	2162.000000	2459.000000	3136.000000	2422.000000	3295.000000	3298.000000	3287.000000	4012.000000	3975.000000	4599.000000	4579.000000	4738.000000	5283.000000	6066.000000	5685.000000	5721.000000	5758.000000	3454.000000	3962.000000	4864.000000	5003.000000	5175.000000	5523.000000	5528.000000	5795.000000	5968.000000	6200.000000	3194.000000	5649.000000	4704.000000	4883.000000	5139.000000	5612.000000	5899.000000	5925.000000	6027.000000	6315.000000	6409.000000	6336.000000	5923.000000	7003.000000	7094.000000	7002.000000	8139.000000	7368.000000	
