136

329946

2551.000000

59445

0	1	1	1	1	1	1	1	1	1	1	1	1	1	1	1	1	1	1	1	1	1	1	1	1	1	1	1	1	1	1	1	1	1	1	0	1	0	1	1	0	0	0	0	0	0	0	2	1	0	2	1	2	0	2	0	2	2	2	0	2	2	0	0	2	2	2	2	0	2	0	2	0	0	2	2	0	0	2	2	0	2	0	2	1	2	0	1	2	0	2	2	0	0	2	2	2	0	2	0	2	2	2	2	2	2	0	0	2	2	0	2	2	2	0	2	2	2	1	2	0	1	2	0	0	0	0	1	0	0	0	1	0	0	0	0	

5861	4699	5356	7018	6658	6058	5131	4758	4462	4756	5533	6055	6490	4828	3829	4172	5333	7480	5203	4042	4698	6360	5442	4921	4144	3850	4146	4519	5446	6046	4775	3613	4269	5932	5355	3693	3037	4199	5154	4554	3627	3254	2958	3252	4029	4550	5146	0	2528	2828	0	6180	0	2784	0	5103	0	0	0	2754	0	0	4350	4950	0	0	0	0	4993	0	2675	0	4950	4350	0	0	2754	3048	0	0	5103	0	2784	0	6180	0	2828	2528	0	5146	0	0	3252	2958	0	0	0	5154	0	3037	0	0	0	0	0	0	6046	5446	0	0	3850	0	0	0	6360	0	0	0	7480	0	4172	3829	0	6490	6055	5533	4756	4462	4758	5131	6058	6658	7018	5356	4699	5861	

1407600.000000	1975.000000	7150.000000	9125.000000	1222.000000	637.000000	707.000000	1298.000000	5976.000000	6600.000000	7791.000000	8416.000000	9146.000000	7177.000000	5001.000000	2072.000000	625.000000	2312.000000	795.000000	2129.000000	7194.000000	9160.000000	8483.000000	7864.000000	6686.000000	6070.000000	1679.000000	1279.000000	1242.000000	1621.000000	1420.000000	2432.000000	7290.000000	9235.000000	9475.000000	7591.000000	3225.000000	2550.000000	3095.000000	2914.000000	2930.000000	3125.000000	6618.000000	7187.000000	8294.000000	8883.000000	9662.000000	7823.000000	5927.000000	3739.000000	3175.000000	3933.000000	3345.000000	3885.000000	7894.000000	9719.000000	9172.000000	8602.000000	7541.000000	7001.000000	3871.000000	3715.000000	3702.000000	3846.000000	3970.000000	4434.000000	8178.000000	9951.000000	10453.000000	8783.000000	5469.000000	5100.000000	5538.000000	5439.000000	5447.000000	5555.000000	8055.000000	8529.000000	9480.000000	10000.000000	10772.000000	9160.000000	6056.000000	5725.000000	6213.000000	5895.000000	6217.000000	7633.000000	9267.000000	10864.000000	10454.000000	9958.000000	9057.000000	8613.000000	6337.000000	6242.000000	6235.000000	6321.000000	6520.000000	6813.000000	9676.000000	11215.000000	11907.000000	10471.000000	7901.000000	7650.000000	8047.000000	7979.000000	7985.000000	8059.000000	9949.000000	10336.000000	11134.000000	11580.000000	12318.000000	10936.000000	8507.000000	8275.000000	8645.000000	8445.000000	8673.000000	9716.000000	11065.000000	12433.000000	12144.000000	11719.000000	10964.000000	10600.000000	8850.000000	8783.000000	8778.000000	8839.000000	12866.000000	11549.000000	9283.000000	9070.000000	
1975.000000	1407600.000000	5175.000000	7150.000000	3172.000000	2551.000000	1375.000000	779.000000	4005.000000	4628.000000	5818.000000	6442.000000	7177.000000	5213.000000	3059.000000	625.000000	2072.000000	4235.000000	2129.000000	795.000000	5236.000000	7194.000000	6530.000000	5915.000000	4750.000000	4144.000000	1320.000000	1740.000000	2765.000000	3346.000000	2432.000000	1420.000000	5366.000000	7290.000000	7591.000000	5769.000000	2550.000000	3225.000000	4260.000000	3820.000000	3158.000000	2948.000000	4912.000000	5432.000000	6476.000000	7042.000000	7823.000000	6071.000000	4413.000000	3175.000000	3739.000000	5297.000000	3885.000000	3345.000000	6162.000000	7894.000000	7403.000000	6867.000000	5892.000000	5417.000000	3729.000000	3898.000000	4450.000000	4833.000000	4434.000000	3970.000000	6522.000000	8178.000000	8783.000000	7266.000000	5100.000000	5469.000000	6264.000000	5973.000000	5573.000000	5457.000000	6724.000000	7113.000000	7939.000000	8407.000000	9160.000000	7717.000000	5725.000000	6056.000000	7154.000000	6217.000000	5895.000000	6527.000000	7844.000000	9267.000000	8943.000000	8504.000000	7739.000000	7383.000000	6251.000000	6353.000000	6706.000000	6966.000000	6813.000000	6520.000000	8324.000000	9676.000000	10471.000000	9236.000000	7650.000000	7901.000000	8563.000000	8353.000000	8072.000000	7992.000000	8905.000000	9203.000000	9855.000000	10236.000000	10936.000000	9760.000000	8275.000000	8507.000000	9345.000000	8673.000000	8445.000000	8874.000000	9904.000000	11065.000000	10870.000000	10512.000000	9903.000000	9627.000000	8789.000000	8862.000000	9119.000000	9312.000000	11549.000000	10442.000000	9070.000000	9283.000000	
7150.000000	5175.000000	1407600.000000	1975.000000	8338.000000	7713.000000	6522.000000	5898.000000	1222.000000	637.000000	707.000000	1298.000000	2072.000000	625.000000	2312.000000	5213.000000	7177.000000	9377.000000	7194.000000	5236.000000	795.000000	2129.000000	1679.000000	1279.000000	1242.000000	1621.000000	5994.000000	6609.000000	7787.000000	8406.000000	7290.000000	5366.000000	1420.000000	2432.000000	3225.000000	2550.000000	5769.000000	7591.000000	8809.000000	8221.000000	7115.000000	6548.000000	3095.000000	2914.000000	2930.000000	3125.000000	3739.000000	3175.000000	3933.000000	6071.000000	7823.000000	9902.000000	7894.000000	6162.000000	3345.000000	3885.000000	3871.000000	3715.000000	3702.000000	3846.000000	6935.000000	7473.000000	8532.000000	9100.000000	8178.000000	6522.000000	3970.000000	4434.000000	5469.000000	5100.000000	7266.000000	8783.000000	9934.000000	9416.000000	8468.000000	7998.000000	5538.000000	5439.000000	5447.000000	5555.000000	6056.000000	5725.000000	7717.000000	9160.000000	11008.000000	9267.000000	7844.000000	6213.000000	5895.000000	6217.000000	6337.000000	6242.000000	6235.000000	6321.000000	8559.000000	9001.000000	9898.000000	10392.000000	9676.000000	8324.000000	6520.000000	6813.000000	7901.000000	7650.000000	9236.000000	10471.000000	11523.000000	11080.000000	10286.000000	9902.000000	8047.000000	7979.000000	7985.000000	8059.000000	8507.000000	8275.000000	9760.000000	10936.000000	12542.000000	11065.000000	9904.000000	8645.000000	8445.000000	8673.000000	8850.000000	8783.000000	8778.000000	8839.000000	10556.000000	10917.000000	11668.000000	12090.000000	9283.000000	9070.000000	10442.000000	11549.000000	
9125.000000	7150.000000	1975.000000	1407600.000000	10312.000000	9687.000000	8496.000000	7871.000000	3172.000000	2551.000000	1375.000000	779.000000	625.000000	2072.000000	4235.000000	7177.000000	9146.000000	11347.000000	9160.000000	7194.000000	2129.000000	795.000000	1320.000000	1740.000000	2765.000000	3346.000000	7943.000000	8562.000000	9745.000000	10367.000000	9235.000000	7290.000000	2432.000000	1420.000000	2550.000000	3225.000000	7591.000000	9475.000000	10696.000000	10096.000000	8959.000000	8369.000000	4260.000000	3820.000000	3158.000000	2948.000000	3175.000000	3739.000000	5297.000000	7823.000000	9662.000000	11785.000000	9719.000000	7894.000000	3885.000000	3345.000000	3729.000000	3898.000000	4450.000000	4833.000000	8675.000000	9245.000000	10351.000000	10938.000000	9951.000000	8178.000000	4434.000000	3970.000000	5100.000000	5469.000000	8783.000000	10453.000000	11641.000000	11091.000000	10067.000000	9546.000000	6264.000000	5973.000000	5573.000000	5457.000000	5725.000000	6056.000000	9160.000000	10772.000000	12728.000000	10864.000000	9267.000000	7154.000000	6217.000000	5895.000000	6251.000000	6353.000000	6706.000000	6966.000000	10021.000000	10519.000000	11502.000000	12033.000000	11215.000000	9676.000000	6813.000000	6520.000000	7650.000000	7901.000000	10471.000000	11907.000000	13023.000000	12534.000000	11638.000000	11190.000000	8563.000000	8353.000000	8072.000000	7992.000000	8275.000000	8507.000000	10936.000000	12318.000000	14076.000000	12433.000000	11065.000000	9345.000000	8673.000000	8445.000000	8789.000000	8862.000000	9119.000000	9312.000000	11773.000000	12199.000000	13057.000000	13527.000000	9070.000000	9283.000000	11549.000000	12866.000000	
1222.000000	3172.000000	8338.000000	10312.000000	1407600.000000	625.000000	1817.000000	2442.000000	7150.000000	7775.000000	8967.000000	9592.000000	10312.000000	8338.000000	6145.000000	3173.000000	1223.000000	1094.000000	1278.000000	3194.000000	8346.000000	10318.000000	9625.000000	9003.000000	7816.000000	7195.000000	2570.000000	1985.000000	1015.000000	800.000000	1621.000000	3346.000000	8406.000000	10367.000000	10548.000000	8628.000000	3871.000000	2533.000000	2550.000000	2625.000000	3131.000000	3531.000000	7591.000000	8182.000000	9323.000000	9925.000000	10698.000000	8811.000000	6805.000000	4263.000000	3099.000000	3121.000000	3257.000000	4379.000000	8868.000000	10745.000000	10160.000000	9572.000000	8466.000000	7896.000000	4146.000000	3811.000000	3408.000000	3350.000000	3846.000000	4833.000000	9100.000000	10938.000000	11366.000000	9611.000000	5737.000000	4934.000000	5100.000000	5138.000000	5414.000000	5654.000000	8783.000000	9298.000000	10316.000000	10864.000000	11643.000000	9937.000000	6268.000000	5543.000000	5593.000000	5709.000000	6416.000000	8237.000000	10031.000000	11723.000000	11261.000000	10734.000000	9760.000000	9270.000000	6385.000000	6173.000000	5933.000000	5900.000000	6321.000000	6966.000000	10392.000000	12033.000000	12653.000000	11104.000000	7990.000000	7435.000000	7650.000000	7675.000000	7863.000000	8030.000000	10471.000000	10907.000000	11787.000000	12269.000000	13026.000000	11527.000000	8568.000000	8052.000000	8114.000000	8220.000000	8726.000000	10119.000000	11645.000000	13131.000000	12783.000000	12321.000000	11483.000000	11069.000000	8796.000000	8643.000000	8473.000000	8450.000000	13527.000000	12090.000000	9312.000000	8839.000000	
637.000000	2551.000000	7713.000000	9687.000000	625.000000	1407600.000000	1192.000000	1817.000000	6525.000000	7150.000000	8342.000000	8967.000000	9687.000000	7713.000000	5522.000000	2552.000000	640.000000	1691.000000	739.000000	2578.000000	7722.000000	9694.000000	9003.000000	8380.000000	7195.000000	6574.000000	1985.000000	1436.000000	800.000000	1015.000000	1242.000000	2765.000000	7787.000000	9745.000000	9938.000000	8026.000000	3381.000000	2308.000000	2625.000000	2550.000000	2815.000000	3131.000000	7006.000000	7591.000000	8723.000000	9323.000000	10097.000000	8222.000000	6247.000000	3824.000000	2919.000000	3377.000000	3086.000000	3952.000000	8283.000000	10147.000000	9572.000000	8990.000000	7896.000000	7335.000000	3811.000000	3556.000000	3350.000000	3408.000000	3702.000000	4450.000000	8532.000000	10351.000000	10802.000000	9074.000000	5418.000000	4822.000000	5138.000000	5100.000000	5237.000000	5414.000000	8282.000000	8783.000000	9777.000000	10316.000000	11093.000000	9419.000000	5978.000000	5444.000000	5740.000000	5613.000000	6132.000000	7783.000000	9518.000000	11177.000000	10734.000000	10218.000000	9270.000000	8797.000000	6173.000000	6019.000000	5900.000000	5933.000000	6235.000000	6706.000000	9898.000000	11502.000000	12150.000000	10643.000000	7764.000000	7361.000000	7675.000000	7650.000000	7742.000000	7863.000000	10055.000000	10471.000000	11319.000000	11787.000000	12537.000000	11083.000000	8358.000000	7984.000000	8216.000000	8154.000000	8520.000000	9753.000000	11206.000000	12646.000000	12321.000000	11874.000000	11069.000000	10676.000000	8643.000000	8534.000000	8450.000000	8473.000000	13057.000000	11668.000000	9119.000000	8778.000000	
707.000000	1375.000000	6522.000000	8496.000000	1817.000000	1192.000000	1407600.000000	625.000000	5333.000000	5958.000000	7150.000000	7775.000000	8496.000000	6523.000000	4334.000000	1377.000000	709.000000	2863.000000	799.000000	1425.000000	6533.000000	8504.000000	7816.000000	7195.000000	6011.000000	5393.000000	1015.000000	800.000000	1436.000000	1985.000000	1279.000000	1740.000000	6609.000000	8562.000000	8781.000000	6889.000000	2610.000000	2328.000000	3131.000000	2815.000000	2550.000000	2625.000000	5911.000000	6481.000000	7591.000000	8182.000000	8960.000000	7117.000000	5227.000000	3163.000000	2935.000000	4091.000000	3101.000000	3318.000000	7187.000000	9016.000000	8466.000000	7896.000000	6835.000000	6298.000000	3408.000000	3350.000000	3556.000000	3811.000000	3715.000000	3898.000000	7473.000000	9245.000000	9748.000000	8086.000000	4974.000000	4832.000000	5414.000000	5237.000000	5100.000000	5138.000000	7379.000000	7843.000000	8783.000000	9298.000000	10070.000000	8472.000000	5578.000000	5452.000000	6188.000000	5621.000000	5744.000000	6991.000000	8581.000000	10162.000000	9760.000000	9270.000000	8385.000000	7953.000000	5933.000000	5900.000000	6019.000000	6173.000000	6242.000000	6353.000000	9001.000000	10519.000000	11223.000000	9814.000000	7461.000000	7367.000000	7863.000000	7742.000000	7650.000000	7675.000000	9325.000000	9696.000000	10471.000000	10907.000000	11641.000000	10290.000000	8077.000000	7990.000000	8535.000000	8160.000000	8245.000000	9134.000000	10422.000000	11758.000000	11483.000000	11069.000000	10339.000000	9992.000000	8473.000000	8450.000000	8534.000000	8643.000000	12199.000000	10917.000000	8862.000000	8783.000000	
1298.000000	779.000000	5898.000000	7871.000000	2442.000000	1817.000000	625.000000	1407600.000000	4708.000000	5333.000000	6525.000000	7150.000000	7871.000000	5898.000000	3712.000000	781.000000	1299.000000	3483.000000	1350.000000	864.000000	5910.000000	7880.000000	7195.000000	6574.000000	5393.000000	4775.000000	800.000000	1015.000000	1985.000000	2570.000000	1679.000000	1320.000000	5994.000000	7943.000000	8178.000000	6302.000000	2351.000000	2570.000000	3531.000000	3131.000000	2625.000000	2550.000000	5354.000000	5911.000000	7006.000000	7591.000000	8371.000000	6550.000000	4724.000000	2953.000000	3130.000000	4547.000000	3286.000000	3118.000000	6626.000000	8430.000000	7896.000000	7335.000000	6298.000000	5778.000000	3350.000000	3408.000000	3811.000000	4146.000000	3871.000000	3729.000000	6935.000000	8675.000000	9209.000000	7592.000000	4843.000000	4953.000000	5654.000000	5414.000000	5138.000000	5100.000000	6941.000000	7379.000000	8282.000000	8783.000000	9549.000000	8001.000000	5462.000000	5560.000000	6498.000000	5725.000000	5631.000000	6623.000000	8117.000000	9646.000000	9270.000000	8797.000000	7953.000000	7548.000000	5900.000000	5933.000000	6173.000000	6385.000000	6337.000000	6251.000000	8559.000000	10021.000000	10758.000000	9411.000000	7375.000000	7447.000000	8030.000000	7863.000000	7675.000000	7650.000000	8983.000000	9325.000000	10055.000000	10471.000000	11194.000000	9906.000000	7997.000000	8064.000000	8762.000000	8232.000000	8166.000000	8855.000000	10043.000000	11315.000000	11069.000000	10676.000000	9992.000000	9673.000000	8450.000000	8473.000000	8643.000000	8796.000000	11773.000000	10556.000000	8789.000000	8850.000000	
5976.000000	4005.000000	1222.000000	3172.000000	7150.000000	6525.000000	5333.000000	4708.000000	1407600.000000	625.000000	1817.000000	2442.000000	3173.000000	1223.000000	1094.000000	4005.000000	5976.000000	8178.000000	5988.000000	4022.000000	1278.000000	3194.000000	2570.000000	1985.000000	1015.000000	800.000000	4775.000000	5393.000000	6574.000000	7195.000000	6070.000000	4144.000000	1621.000000	3346.000000	3871.000000	2533.000000	4578.000000	6375.000000	7591.000000	7006.000000	5911.000000	5354.000000	2550.000000	2625.000000	3131.000000	3531.000000	4263.000000	3099.000000	3121.000000	4914.000000	6620.000000	8684.000000	6695.000000	5016.000000	3257.000000	4379.000000	4146.000000	3811.000000	3408.000000	3350.000000	5778.000000	6298.000000	7335.000000	7896.000000	7001.000000	5417.000000	3846.000000	4833.000000	5737.000000	4934.000000	6236.000000	7653.000000	8783.000000	8282.000000	7379.000000	6941.000000	5100.000000	5138.000000	5414.000000	5654.000000	6268.000000	5543.000000	6728.000000	8058.000000	9847.000000	8174.000000	6866.000000	5593.000000	5709.000000	6416.000000	6385.000000	6173.000000	5933.000000	5900.000000	7548.000000	7953.000000	8797.000000	9270.000000	8613.000000	7383.000000	6321.000000	6966.000000	7990.000000	7435.000000	8356.000000	9460.000000	10471.000000	10055.000000	9325.000000	8983.000000	7650.000000	7675.000000	7863.000000	8030.000000	8568.000000	8052.000000	8910.000000	9953.000000	11468.000000	10089.000000	9062.000000	8114.000000	8220.000000	8726.000000	8796.000000	8643.000000	8473.000000	8450.000000	9673.000000	9992.000000	10676.000000	11069.000000	9312.000000	8839.000000	9627.000000	10600.000000	
6600.000000	4628.000000	637.000000	2551.000000	7775.000000	7150.000000	5958.000000	5333.000000	625.000000	1407600.000000	1192.000000	1817.000000	2552.000000	640.000000	1691.000000	4629.000000	6601.000000	8802.000000	6611.000000	4643.000000	739.000000	2578.000000	1985.000000	1436.000000	800.000000	1015.000000	5393.000000	6011.000000	7195.000000	7816.000000	6686.000000	4750.000000	1242.000000	2765.000000	3381.000000	2308.000000	5133.000000	6963.000000	8182.000000	7591.000000	6481.000000	5911.000000	2625.000000	2550.000000	2815.000000	3131.000000	3824.000000	2919.000000	3377.000000	5435.000000	7189.000000	9275.000000	7258.000000	5526.000000	3086.000000	3952.000000	3811.000000	3556.000000	3350.000000	3408.000000	6298.000000	6835.000000	7896.000000	8466.000000	7541.000000	5892.000000	3702.000000	4450.000000	5418.000000	4822.000000	6654.000000	8149.000000	9298.000000	8783.000000	7843.000000	7379.000000	5138.000000	5100.000000	5237.000000	5414.000000	5978.000000	5444.000000	7117.000000	8532.000000	10371.000000	8641.000000	7247.000000	5740.000000	5613.000000	6132.000000	6173.000000	6019.000000	5900.000000	5933.000000	7953.000000	8385.000000	9270.000000	9760.000000	9057.000000	7739.000000	6235.000000	6706.000000	7764.000000	7361.000000	8672.000000	9866.000000	10907.000000	10471.000000	9696.000000	9325.000000	7675.000000	7650.000000	7742.000000	7863.000000	8358.000000	7984.000000	9207.000000	10340.000000	11921.000000	10471.000000	9354.000000	8216.000000	8154.000000	8520.000000	8643.000000	8534.000000	8450.000000	8473.000000	9992.000000	10339.000000	11069.000000	11483.000000	9119.000000	8778.000000	9903.000000	10964.000000	
7791.000000	5818.000000	707.000000	1375.000000	8967.000000	8342.000000	7150.000000	6525.000000	1817.000000	1192.000000	1407600.000000	625.000000	1377.000000	709.000000	2863.000000	5819.000000	7791.000000	9993.000000	7800.000000	5830.000000	799.000000	1425.000000	1015.000000	800.000000	1436.000000	1985.000000	6574.000000	7195.000000	8380.000000	9003.000000	7864.000000	5915.000000	1279.000000	1740.000000	2610.000000	2328.000000	6227.000000	8101.000000	9323.000000	8723.000000	7591.000000	7006.000000	3131.000000	2815.000000	2550.000000	2625.000000	3163.000000	2935.000000	4091.000000	6478.000000	8295.000000	10412.000000	8356.000000	6555.000000	3101.000000	3318.000000	3408.000000	3350.000000	3556.000000	3811.000000	7335.000000	7896.000000	8990.000000	9572.000000	8602.000000	6867.000000	3715.000000	3898.000000	4974.000000	4832.000000	7530.000000	9141.000000	10316.000000	9777.000000	8783.000000	8282.000000	5414.000000	5237.000000	5100.000000	5138.000000	5578.000000	5452.000000	7942.000000	9483.000000	11400.000000	9581.000000	8059.000000	6188.000000	5621.000000	5744.000000	5933.000000	5900.000000	6019.000000	6173.000000	8797.000000	9270.000000	10218.000000	10734.000000	9958.000000	8504.000000	6242.000000	6353.000000	7461.000000	7367.000000	9361.000000	10700.000000	11787.000000	11319.000000	10471.000000	10055.000000	7863.000000	7742.000000	7650.000000	7675.000000	8077.000000	7990.000000	9859.000000	11138.000000	12826.000000	11260.000000	9997.000000	8535.000000	8160.000000	8245.000000	8473.000000	8450.000000	8534.000000	8643.000000	10676.000000	11069.000000	11874.000000	12321.000000	8862.000000	8783.000000	10512.000000	11719.000000	
8416.000000	6442.000000	1298.000000	779.000000	9592.000000	8967.000000	7775.000000	7150.000000	2442.000000	1817.000000	625.000000	1407600.000000	781.000000	1299.000000	3483.000000	6443.000000	8416.000000	10618.000000	8424.000000	6453.000000	1350.000000	864.000000	800.000000	1015.000000	1985.000000	2570.000000	7195.000000	7816.000000	9003.000000	9625.000000	8483.000000	6530.000000	1679.000000	1320.000000	2351.000000	2570.000000	6814.000000	8703.000000	9925.000000	9323.000000	8182.000000	7591.000000	3531.000000	3131.000000	2625.000000	2550.000000	2953.000000	3130.000000	4547.000000	7044.000000	8885.000000	11012.000000	8941.000000	7115.000000	3286.000000	3118.000000	3350.000000	3408.000000	3811.000000	4146.000000	7896.000000	8466.000000	9572.000000	10160.000000	9172.000000	7403.000000	3871.000000	3729.000000	4843.000000	4953.000000	8022.000000	9678.000000	10864.000000	10316.000000	9298.000000	8783.000000	5654.000000	5414.000000	5138.000000	5100.000000	5462.000000	5560.000000	8410.000000	10003.000000	11951.000000	10096.000000	8521.000000	6498.000000	5725.000000	5631.000000	5900.000000	5933.000000	6173.000000	6385.000000	9270.000000	9760.000000	10734.000000	11261.000000	10454.000000	8943.000000	6337.000000	6251.000000	7375.000000	7447.000000	9761.000000	11163.000000	12269.000000	11787.000000	10907.000000	10471.000000	8030.000000	7863.000000	7675.000000	7650.000000	7997.000000	8064.000000	10240.000000	11583.000000	13318.000000	11701.000000	10372.000000	8762.000000	8232.000000	8166.000000	8450.000000	8473.000000	8643.000000	8796.000000	11069.000000	11483.000000	12321.000000	12783.000000	8789.000000	8850.000000	10870.000000	12144.000000	
9146.000000	7177.000000	2072.000000	625.000000	10312.000000	9687.000000	8496.000000	7871.000000	3173.000000	2552.000000	1377.000000	781.000000	1407600.000000	1975.000000	4176.000000	7150.000000	9125.000000	11325.000000	9127.000000	7152.000000	1982.000000	170.000000	864.000000	1425.000000	2578.000000	3194.000000	7880.000000	8504.000000	9694.000000	10318.000000	9160.000000	7194.000000	2129.000000	795.000000	1925.000000	2758.000000	7405.000000	9326.000000	10547.000000	9937.000000	8779.000000	8176.000000	3868.000000	3377.000000	2606.000000	2347.000000	2550.000000	3225.000000	4937.000000	7591.000000	9475.000000	11628.000000	9522.000000	7650.000000	3361.000000	2720.000000	3118.000000	3318.000000	3952.000000	4379.000000	8430.000000	9016.000000	10147.000000	10745.000000	9719.000000	7894.000000	3885.000000	3345.000000	4475.000000	4891.000000	8435.000000	10163.000000	11364.000000	10800.000000	9746.000000	9206.000000	5733.000000	5414.000000	4969.000000	4838.000000	5100.000000	5469.000000	8783.000000	10453.000000	12456.000000	10537.000000	8882.000000	6657.000000	5628.000000	5270.000000	5631.000000	5744.000000	6132.000000	6416.000000	9646.000000	10162.000000	11177.000000	11723.000000	10864.000000	9267.000000	6217.000000	5895.000000	7025.000000	7297.000000	10024.000000	11516.000000	12651.000000	12147.000000	11220.000000	10755.000000	7986.000000	7760.000000	7456.000000	7370.000000	7650.000000	7901.000000	10471.000000	11907.000000	13714.000000	12017.000000	10596.000000	8790.000000	8066.000000	7820.000000	8166.000000	8245.000000	8520.000000	8726.000000	11315.000000	11758.000000	12646.000000	13131.000000	8445.000000	8673.000000	11065.000000	12433.000000	
7177.000000	5213.000000	625.000000	2072.000000	8338.000000	7713.000000	6523.000000	5898.000000	1223.000000	640.000000	709.000000	1299.000000	1975.000000	1407600.000000	2202.000000	5175.000000	7150.000000	9350.000000	7152.000000	5178.000000	170.000000	1982.000000	1350.000000	799.000000	739.000000	1278.000000	5910.000000	6533.000000	7722.000000	8346.000000	7194.000000	5236.000000	795.000000	2129.000000	2758.000000	1925.000000	5521.000000	7405.000000	8627.000000	8025.000000	6888.000000	6300.000000	2528.000000	2303.000000	2323.000000	2566.000000	3225.000000	2550.000000	3433.000000	5769.000000	7591.000000	9714.000000	7650.000000	5846.000000	2720.000000	3361.000000	3286.000000	3101.000000	3086.000000	3257.000000	6626.000000	7187.000000	8283.000000	8868.000000	7894.000000	6162.000000	3345.000000	3885.000000	4891.000000	4475.000000	6842.000000	8435.000000	9608.000000	9072.000000	8083.000000	7589.000000	4929.000000	4817.000000	4827.000000	4948.000000	5469.000000	5100.000000	7266.000000	8783.000000	10691.000000	8882.000000	7386.000000	5632.000000	5270.000000	5628.000000	5725.000000	5621.000000	5613.000000	5709.000000	8117.000000	8581.000000	9518.000000	10031.000000	9267.000000	7844.000000	5895.000000	6217.000000	7297.000000	7025.000000	8725.000000	10024.000000	11101.000000	10640.000000	9811.000000	9407.000000	7430.000000	7356.000000	7362.000000	7442.000000	7901.000000	7650.000000	9236.000000	10471.000000	12135.000000	10596.000000	9377.000000	8042.000000	7820.000000	8066.000000	8232.000000	8160.000000	8154.000000	8220.000000	10043.000000	10422.000000	11206.000000	11645.000000	8673.000000	8445.000000	9904.000000	11065.000000	
5001.000000	3059.000000	2312.000000	4235.000000	6145.000000	5522.000000	4334.000000	3712.000000	1094.000000	1691.000000	2863.000000	3483.000000	4176.000000	2202.000000	1407600.000000	2976.000000	4951.000000	7150.000000	4951.000000	2976.000000	2202.000000	4176.000000	3483.000000	2863.000000	1691.000000	1094.000000	3712.000000	4334.000000	5522.000000	6145.000000	5001.000000	3059.000000	2312.000000	4235.000000	4562.000000	2868.000000	3498.000000	5281.000000	6498.000000	5912.000000	4821.000000	4271.000000	2379.000000	2706.000000	3558.000000	4074.000000	4848.000000	3304.000000	2550.000000	3864.000000	5530.000000	7591.000000	5608.000000	3974.000000	3433.000000	4937.000000	4547.000000	4091.000000	3377.000000	3121.000000	4724.000000	5227.000000	6247.000000	6805.000000	5927.000000	4413.000000	3933.000000	5297.000000	6058.000000	4910.000000	5303.000000	6616.000000	7726.000000	7240.000000	6380.000000	5975.000000	4809.000000	4979.000000	5489.000000	5836.000000	6525.000000	5476.000000	5831.000000	7046.000000	8783.000000	7168.000000	5978.000000	5100.000000	5632.000000	6657.000000	6498.000000	6188.000000	5740.000000	5593.000000	6623.000000	6991.000000	7783.000000	8237.000000	7633.000000	6527.000000	6213.000000	7154.000000	8099.000000	7280.000000	7551.000000	8524.000000	9495.000000	9104.000000	8437.000000	8135.000000	7321.000000	7434.000000	7785.000000	8033.000000	8641.000000	7878.000000	8129.000000	9041.000000	10471.000000	9183.000000	8287.000000	7650.000000	8042.000000	8790.000000	8762.000000	8535.000000	8216.000000	8114.000000	8855.000000	9134.000000	9753.000000	10119.000000	9345.000000	8645.000000	8874.000000	9716.000000	
2072.000000	625.000000	5213.000000	7177.000000	3173.000000	2552.000000	1377.000000	781.000000	4005.000000	4629.000000	5819.000000	6443.000000	7150.000000	5175.000000	2976.000000	1407600.000000	1975.000000	4176.000000	1982.000000	170.000000	5178.000000	7152.000000	6453.000000	5830.000000	4643.000000	4022.000000	864.000000	1425.000000	2578.000000	3194.000000	2129.000000	795.000000	5236.000000	7194.000000	7405.000000	5521.000000	1925.000000	2758.000000	3868.000000	3377.000000	2606.000000	2347.000000	4576.000000	5130.000000	6225.000000	6812.000000	7591.000000	5769.000000	3974.000000	2550.000000	3225.000000	4937.000000	3361.000000	2720.000000	5846.000000	7650.000000	7115.000000	6555.000000	5526.000000	5016.000000	3118.000000	3318.000000	3952.000000	4379.000000	3885.000000	3345.000000	6162.000000	7894.000000	8435.000000	6842.000000	4475.000000	4891.000000	5733.000000	5414.000000	4969.000000	4838.000000	6232.000000	6650.000000	7527.000000	8019.000000	8783.000000	7266.000000	5100.000000	5469.000000	6657.000000	5628.000000	5270.000000	5978.000000	7386.000000	8882.000000	8521.000000	8059.000000	7247.000000	6866.000000	5631.000000	5744.000000	6132.000000	6416.000000	6217.000000	5895.000000	7844.000000	9267.000000	10024.000000	8725.000000	7025.000000	7297.000000	7986.000000	7760.000000	7456.000000	7370.000000	8351.000000	8668.000000	9357.000000	9758.000000	10471.000000	9236.000000	7650.000000	7901.000000	8790.000000	8066.000000	7820.000000	8287.000000	9377.000000	10596.000000	10372.000000	9997.000000	9354.000000	9062.000000	8166.000000	8245.000000	8520.000000	8726.000000	11065.000000	9904.000000	8445.000000	8673.000000	
625.000000	2072.000000	7177.000000	9146.000000	1223.000000	640.000000	709.000000	1299.000000	5976.000000	6601.000000	7791.000000	8416.000000	9125.000000	7150.000000	4951.000000	1975.000000	1407600.000000	2202.000000	170.000000	1982.000000	7152.000000	9127.000000	8424.000000	7800.000000	6611.000000	5988.000000	1350.000000	799.000000	739.000000	1278.000000	795.000000	2129.000000	7194.000000	9160.000000	9326.000000	7405.000000	2758.000000	1925.000000	2528.000000	2303.000000	2323.000000	2566.000000	6373.000000	6962.000000	8099.000000	8702.000000	9475.000000	7591.000000	5608.000000	3225.000000	2550.000000	3433.000000	2720.000000	3361.000000	7650.000000	9522.000000	8941.000000	8356.000000	7258.000000	6695.000000	3286.000000	3101.000000	3086.000000	3257.000000	3345.000000	3885.000000	7894.000000	9719.000000	10163.000000	8435.000000	4891.000000	4475.000000	4929.000000	4817.000000	4827.000000	4948.000000	7649.000000	8146.000000	9138.000000	9676.000000	10453.000000	8783.000000	5469.000000	5100.000000	5632.000000	5270.000000	5628.000000	7168.000000	8882.000000	10537.000000	10096.000000	9581.000000	8641.000000	8174.000000	5725.000000	5621.000000	5613.000000	5709.000000	5895.000000	6217.000000	9267.000000	10864.000000	11516.000000	10024.000000	7297.000000	7025.000000	7430.000000	7356.000000	7362.000000	7442.000000	9456.000000	9863.000000	10696.000000	11159.000000	11907.000000	10471.000000	7901.000000	7650.000000	8042.000000	7820.000000	8066.000000	9183.000000	10596.000000	12017.000000	11701.000000	11260.000000	10471.000000	10089.000000	8232.000000	8160.000000	8154.000000	8220.000000	12433.000000	11065.000000	8673.000000	8445.000000	
2312.000000	4235.000000	9377.000000	11347.000000	1094.000000	1691.000000	2863.000000	3483.000000	8178.000000	8802.000000	9993.000000	10618.000000	11325.000000	9350.000000	7150.000000	4176.000000	2202.000000	1407600.000000	2202.000000	4176.000000	9350.000000	11325.000000	10618.000000	9993.000000	8802.000000	8178.000000	3483.000000	2863.000000	1691.000000	1094.000000	2312.000000	4235.000000	9377.000000	11347.000000	11474.000000	9529.000000	4562.000000	2868.000000	2379.000000	2706.000000	3558.000000	4074.000000	8446.000000	9052.000000	10214.000000	10826.000000	11590.000000	9669.000000	7591.000000	4848.000000	3304.000000	2550.000000	3433.000000	4937.000000	9714.000000	11628.000000	11012.000000	10412.000000	9275.000000	8684.000000	4547.000000	4091.000000	3377.000000	3121.000000	3933.000000	5297.000000	9902.000000	11785.000000	12146.000000	10329.000000	6058.000000	4910.000000	4809.000000	4979.000000	5489.000000	5836.000000	9424.000000	9970.000000	11036.000000	11604.000000	12386.000000	10610.000000	6525.000000	5476.000000	5100.000000	5632.000000	6657.000000	8783.000000	10691.000000	12456.000000	11951.000000	11400.000000	10371.000000	9847.000000	6498.000000	6188.000000	5740.000000	5593.000000	6213.000000	7154.000000	11008.000000	12728.000000	13282.000000	11644.000000	8099.000000	7280.000000	7321.000000	7434.000000	7785.000000	8033.000000	10921.000000	11396.000000	12339.000000	12850.000000	13619.000000	12027.000000	8641.000000	7878.000000	7650.000000	8042.000000	8790.000000	10471.000000	12135.000000	13714.000000	13318.000000	12826.000000	11921.000000	11468.000000	8762.000000	8535.000000	8216.000000	8114.000000	14076.000000	12542.000000	9345.000000	8645.000000	
795.000000	2129.000000	7194.000000	9160.000000	1278.000000	739.000000	799.000000	1350.000000	5988.000000	6611.000000	7800.000000	8424.000000	9127.000000	7152.000000	4951.000000	1982.000000	170.000000	2202.000000	1407600.000000	1975.000000	7150.000000	9125.000000	8416.000000	7791.000000	6601.000000	5976.000000	1299.000000	709.000000	640.000000	1223.000000	625.000000	2072.000000	7177.000000	9146.000000	9292.000000	7362.000000	2642.000000	1755.000000	2379.000000	2139.000000	2160.000000	2419.000000	6315.000000	6909.000000	8054.000000	8660.000000	9430.000000	7536.000000	5530.000000	3093.000000	2380.000000	3304.000000	2550.000000	3225.000000	7591.000000	9475.000000	8885.000000	8295.000000	7189.000000	6620.000000	3130.000000	2935.000000	2919.000000	3099.000000	3175.000000	3739.000000	7823.000000	9662.000000	10090.000000	8346.000000	4736.000000	4305.000000	4764.000000	4648.000000	4658.000000	4784.000000	7544.000000	8048.000000	9050.000000	9593.000000	10372.000000	8685.000000	5311.000000	4930.000000	5476.000000	5100.000000	5469.000000	7046.000000	8783.000000	10453.000000	10003.000000	9483.000000	8532.000000	8058.000000	5560.000000	5452.000000	5444.000000	5543.000000	5725.000000	6056.000000	9160.000000	10772.000000	11413.000000	9905.000000	7134.000000	6855.000000	7262.000000	7187.000000	7193.000000	7275.000000	9325.000000	9737.000000	10580.000000	11048.000000	11799.000000	10348.000000	7736.000000	7480.000000	7878.000000	7650.000000	7901.000000	9041.000000	10471.000000	11907.000000	11583.000000	11138.000000	10340.000000	9953.000000	8064.000000	7990.000000	7984.000000	8052.000000	12318.000000	10936.000000	8507.000000	8275.000000	
2129.000000	795.000000	5236.000000	7194.000000	3194.000000	2578.000000	1425.000000	864.000000	4022.000000	4643.000000	5830.000000	6453.000000	7152.000000	5178.000000	2976.000000	170.000000	1982.000000	4176.000000	1975.000000	1407600.000000	5175.000000	7150.000000	6443.000000	5819.000000	4629.000000	4005.000000	781.000000	1377.000000	2552.000000	3173.000000	2072.000000	625.000000	5213.000000	7177.000000	7362.000000	5464.000000	1755.000000	2642.000000	3772.000000	3267.000000	2462.000000	2185.000000	4495.000000	5059.000000	6166.000000	6758.000000	7536.000000	5696.000000	3864.000000	2380.000000	3093.000000	4848.000000	3225.000000	2550.000000	5769.000000	7591.000000	7044.000000	6478.000000	5435.000000	4914.000000	2953.000000	3163.000000	3824.000000	4263.000000	3739.000000	3175.000000	6071.000000	7823.000000	8346.000000	6732.000000	4305.000000	4736.000000	5592.000000	5264.000000	4806.000000	4670.000000	6103.000000	6529.000000	7420.000000	7919.000000	8685.000000	7147.000000	4930.000000	5311.000000	6525.000000	5469.000000	5100.000000	5831.000000	7266.000000	8783.000000	8410.000000	7942.000000	7117.000000	6728.000000	5462.000000	5578.000000	5978.000000	6268.000000	6056.000000	5725.000000	7717.000000	9160.000000	9905.000000	8589.000000	6855.000000	7134.000000	7830.000000	7599.000000	7289.000000	7201.000000	8203.000000	8524.000000	9225.000000	9630.000000	10348.000000	9096.000000	7480.000000	7736.000000	8641.000000	7901.000000	7650.000000	8129.000000	9236.000000	10471.000000	10240.000000	9859.000000	9207.000000	8910.000000	7997.000000	8077.000000	8358.000000	8568.000000	10936.000000	9760.000000	8275.000000	8507.000000	
7194.000000	5236.000000	795.000000	2129.000000	8346.000000	7722.000000	6533.000000	5910.000000	1278.000000	739.000000	799.000000	1350.000000	1982.000000	170.000000	2202.000000	5178.000000	7152.000000	9350.000000	7150.000000	5175.000000	1407600.000000	1975.000000	1299.000000	709.000000	640.000000	1223.000000	5898.000000	6523.000000	7713.000000	8338.000000	7177.000000	5213.000000	625.000000	2072.000000	2642.000000	1755.000000	5464.000000	7362.000000	8584.000000	7979.000000	6834.000000	6242.000000	2379.000000	2139.000000	2160.000000	2419.000000	3093.000000	2380.000000	3304.000000	5696.000000	7536.000000	9669.000000	7591.000000	5769.000000	2550.000000	3225.000000	3130.000000	2935.000000	2919.000000	3099.000000	6550.000000	7117.000000	8222.000000	8811.000000	7823.000000	6071.000000	3175.000000	3739.000000	4736.000000	4305.000000	6732.000000	8346.000000	9525.000000	8983.000000	7984.000000	7483.000000	4764.000000	4648.000000	4658.000000	4784.000000	5311.000000	4930.000000	7147.000000	8685.000000	10610.000000	8783.000000	7266.000000	5476.000000	5100.000000	5469.000000	5560.000000	5452.000000	5444.000000	5543.000000	8001.000000	8472.000000	9419.000000	9937.000000	9160.000000	7717.000000	5725.000000	6056.000000	7134.000000	6855.000000	8589.000000	9905.000000	10989.000000	10523.000000	9684.000000	9275.000000	7262.000000	7187.000000	7193.000000	7275.000000	7736.000000	7480.000000	9096.000000	10348.000000	12027.000000	10471.000000	9236.000000	7878.000000	7650.000000	7901.000000	8064.000000	7990.000000	7984.000000	8052.000000	9906.000000	10290.000000	11083.000000	11527.000000	8507.000000	8275.000000	9760.000000	10936.000000	
9160.000000	7194.000000	2129.000000	795.000000	10318.000000	9694.000000	8504.000000	7880.000000	3194.000000	2578.000000	1425.000000	864.000000	170.000000	1982.000000	4176.000000	7152.000000	9127.000000	11325.000000	9125.000000	7150.000000	1975.000000	1407600.000000	781.000000	1377.000000	2552.000000	3173.000000	7871.000000	8496.000000	9687.000000	10312.000000	9146.000000	7177.000000	2072.000000	625.000000	1755.000000	2642.000000	7362.000000	9292.000000	10512.000000	9900.000000	8738.000000	8132.000000	3772.000000	3267.000000	2462.000000	2185.000000	2380.000000	3093.000000	4848.000000	7536.000000	9430.000000	11590.000000	9475.000000	7591.000000	3225.000000	2550.000000	2953.000000	3163.000000	3824.000000	4263.000000	8371.000000	8960.000000	10097.000000	10698.000000	9662.000000	7823.000000	3739.000000	3175.000000	4305.000000	4736.000000	8346.000000	10090.000000	11293.000000	10726.000000	9663.000000	9119.000000	5592.000000	5264.000000	4806.000000	4670.000000	4930.000000	5311.000000	8685.000000	10372.000000	12386.000000	10453.000000	8783.000000	6525.000000	5469.000000	5100.000000	5462.000000	5578.000000	5978.000000	6268.000000	9549.000000	10070.000000	11093.000000	11643.000000	10772.000000	9160.000000	6056.000000	5725.000000	6855.000000	7134.000000	9905.000000	11413.000000	12553.000000	12045.000000	11109.000000	10639.000000	7830.000000	7599.000000	7289.000000	7201.000000	7480.000000	7736.000000	10348.000000	11799.000000	13619.000000	11907.000000	10471.000000	8641.000000	7901.000000	7650.000000	7997.000000	8077.000000	8358.000000	8568.000000	11194.000000	11641.000000	12537.000000	13026.000000	8275.000000	8507.000000	10936.000000	12318.000000	
8483.000000	6530.000000	1679.000000	1320.000000	9625.000000	9003.000000	7816.000000	7195.000000	2570.000000	1985.000000	1015.000000	800.000000	864.000000	1350.000000	3483.000000	6453.000000	8424.000000	10618.000000	8416.000000	6443.000000	1299.000000	781.000000	1407600.000000	625.000000	1817.000000	2442.000000	7150.000000	7775.000000	8967.000000	9592.000000	8416.000000	6442.000000	1298.000000	779.000000	1608.000000	1913.000000	6594.000000	8532.000000	9750.000000	9136.000000	7970.000000	7361.000000	3004.000000	2523.000000	1858.000000	1750.000000	2185.000000	2419.000000	4074.000000	6758.000000	8660.000000	10826.000000	8702.000000	6812.000000	2566.000000	2347.000000	2550.000000	2625.000000	3131.000000	3531.000000	7591.000000	8182.000000	9323.000000	9925.000000	8883.000000	7042.000000	3125.000000	2948.000000	4054.000000	4184.000000	7572.000000	9309.000000	10512.000000	9945.000000	8885.000000	8343.000000	4945.000000	4668.000000	4345.000000	4300.000000	4670.000000	4784.000000	7919.000000	9593.000000	11604.000000	9676.000000	8019.000000	5836.000000	4948.000000	4838.000000	5100.000000	5138.000000	5414.000000	5654.000000	8783.000000	9298.000000	10316.000000	10864.000000	10000.000000	8407.000000	5555.000000	5457.000000	6579.000000	6660.000000	9175.000000	10654.000000	11787.000000	11284.000000	10362.000000	9902.000000	7272.000000	7087.000000	6878.000000	6850.000000	7201.000000	7275.000000	9630.000000	11048.000000	12850.000000	11159.000000	9758.000000	8033.000000	7442.000000	7370.000000	7650.000000	7675.000000	7863.000000	8030.000000	10471.000000	10907.000000	11787.000000	12269.000000	7992.000000	8059.000000	10236.000000	11580.000000	
