124

352910

8504.000000

49160

1	1	1	1	0	1	1	1	1	1	1	1	1	1	1	1	1	1	1	1	1	1	1	1	1	1	1	1	1	1	1	1	1	1	1	1	1	1	1	1	1	1	1	1	1	1	1	1	1	1	1	1	1	1	1	1	1	1	1	1	1	1	1	2	2	2	2	2	2	2	2	2	2	2	2	2	2	2	2	2	2	2	2	2	2	2	2	0	0	2	0	0	0	0	0	0	0	0	0	0	0	1	1	1	1	1	1	1	1	1	1	1	1	1	0	0	0	0	0	0	0	0	0	0	

4442	4533	4695	4833	4410	3989	3581	4291	5084	5336	5893	6199	6522	5509	5278	4615	4384	3464	3361	3180	3101	3020	2868	2823	2976	2718	3362	3162	2979	3387	3570	3771	3076	3223	2814	2714	2556	2684	2728	2601	2809	2869	2956	3051	3154	4156	4407	4677	4965	5270	5594	3527	3500	2903	2203	2105	2031	2107	2532	2337	2438	2646	3478	0	0	0	0	0	0	0	0	0	0	0	0	0	0	0	0	0	0	0	0	0	0	0	0	3671	4132	0	3208	4074	4153	4237	4325	4418	4516	4620	4727	4840	3769	4176	4490	5672	6715	6550	6390	6234	6084	5938	5797	5662	5531	5404	4348	4421	4499	4582	4670	4763	4861	4963	5070	5183	

1231200.000000	312.000000	750.000000	1062.000000	2063.000000	1481.000000	1000.000000	253.000000	5441.000000	5736.000000	6329.000000	6625.000000	6922.000000	6464.000000	6563.000000	5498.000000	5613.000000	4456.000000	4278.000000	3929.000000	3758.000000	2563.000000	2728.000000	2329.000000	2133.000000	2317.000000	1300.000000	1600.000000	1900.000000	2192.000000	1938.000000	1698.000000	2728.000000	2457.000000	2200.000000	2400.000000	2748.000000	2535.000000	2906.000000	3093.000000	4164.000000	4281.000000	4441.000000	4604.000000	4769.000000	5891.000000	6165.000000	6441.000000	6720.000000	7000.000000	7282.000000	5893.000000	5997.000000	5085.000000	3482.000000	3822.000000	4195.000000	4048.000000	3147.000000	3892.000000	3525.000000	4033.000000	5532.000000	5671.000000	5255.000000	4998.000000	5964.000000	5810.000000	5951.000000	6092.000000	6234.000000	6376.000000	6519.000000	6663.000000	6807.000000	6952.000000	7097.000000	7243.000000	7389.000000	7535.000000	6797.000000	6849.000000	6220.000000	6820.000000	7427.000000	7627.000000	7683.000000	8255.000000	8924.000000	8200.000000	8469.000000	7682.000000	7829.000000	7977.000000	8125.000000	8273.000000	8421.000000	8570.000000	8719.000000	8868.000000	9212.000000	9521.000000	9660.000000	10439.000000	11298.000000	11206.000000	11116.000000	11028.000000	10940.000000	10855.000000	10771.000000	10688.000000	10608.000000	10529.000000	9160.000000	9178.000000	9198.000000	9221.000000	9246.000000	9274.000000	9305.000000	9338.000000	9373.000000	9411.000000	
312.000000	1231200.000000	438.000000	750.000000	1794.000000	1269.000000	1050.000000	553.000000	5748.000000	6044.000000	6637.000000	6934.000000	7232.000000	6768.000000	6862.000000	5798.000000	5908.000000	4737.000000	4556.000000	4201.000000	4026.000000	2811.000000	2963.000000	2527.000000	2347.000000	2472.000000	1339.000000	1631.000000	1927.000000	2054.000000	1780.000000	1517.000000	2619.000000	2335.000000	2223.000000	2421.000000	2917.000000	2718.000000	3127.000000	3302.000000	4410.000000	4532.000000	4696.000000	4863.000000	5033.000000	6176.000000	6452.000000	6731.000000	7011.000000	7293.000000	7576.000000	6156.000000	6257.000000	5330.000000	3600.000000	3925.000000	4293.000000	4093.000000	3126.000000	3875.000000	3502.000000	3958.000000	5394.000000	5536.000000	5168.000000	4920.000000	5926.000000	5679.000000	5823.000000	5967.000000	6112.000000	6257.000000	6403.000000	6549.000000	6696.000000	6843.000000	6990.000000	7138.000000	7286.000000	7435.000000	6751.000000	6819.000000	6190.000000	6803.000000	7571.000000	7791.000000	7853.000000	8450.000000	9113.000000	8351.000000	8574.000000	7583.000000	7732.000000	7882.000000	8031.000000	8181.000000	8331.000000	8482.000000	8632.000000	8783.000000	9303.000000	9657.000000	9820.000000	10628.000000	11485.000000	11391.000000	11298.000000	11206.000000	11116.000000	11028.000000	10940.000000	10855.000000	10771.000000	10688.000000	9133.000000	9145.000000	9160.000000	9178.000000	9198.000000	9221.000000	9246.000000	9274.000000	9305.000000	9338.000000	
750.000000	438.000000	1231200.000000	312.000000	1446.000000	1057.000000	1254.000000	987.000000	6180.000000	6477.000000	7071.000000	7368.000000	7666.000000	7195.000000	7284.000000	6222.000000	6324.000000	5137.000000	4954.000000	4591.000000	4411.000000	3179.000000	3314.000000	2839.000000	2681.000000	2735.000000	1504.000000	1770.000000	2045.000000	1931.000000	1636.000000	1344.000000	2523.000000	2227.000000	2327.000000	2517.000000	3192.000000	3010.000000	3461.000000	3620.000000	4769.000000	4895.000000	5065.000000	5237.000000	5411.000000	6580.000000	6859.000000	7140.000000	7423.000000	7707.000000	7992.000000	6533.000000	6630.000000	5685.000000	3802.000000	4107.000000	4465.000000	4195.000000	3148.000000	3894.000000	3516.000000	3892.000000	5226.000000	5373.000000	5075.000000	4843.000000	5901.000000	5520.000000	5667.000000	5815.000000	5964.000000	6113.000000	6262.000000	6411.000000	6561.000000	6711.000000	6861.000000	7012.000000	7163.000000	7314.000000	6712.000000	6800.000000	6175.000000	6804.000000	7790.000000	8037.000000	8104.000000	8735.000000	9390.000000	8577.000000	8738.000000	7465.000000	7616.000000	7768.000000	7919.000000	8071.000000	8223.000000	8376.000000	8528.000000	8681.000000	9448.000000	9862.000000	10058.000000	10904.000000	11757.000000	11659.000000	11562.000000	11467.000000	11373.000000	11280.000000	11189.000000	11099.000000	11011.000000	10924.000000	9112.000000	9117.000000	9125.000000	9135.000000	9148.000000	9163.000000	9182.000000	9202.000000	9226.000000	9252.000000	
1062.000000	750.000000	312.000000	1231200.000000	1234.000000	1000.000000	1464.000000	1298.000000	6489.000000	6786.000000	7380.000000	7678.000000	7976.000000	7501.000000	7586.000000	6525.000000	6622.000000	5426.000000	5241.000000	4873.000000	4692.000000	3451.000000	3575.000000	3080.000000	2935.000000	2948.000000	1683.000000	1924.000000	2180.000000	1900.000000	1600.000000	1300.000000	2500.000000	2200.000000	2446.000000	2627.000000	3408.000000	3239.000000	3712.000000	3861.000000	5033.000000	5161.000000	5335.000000	5510.000000	5686.000000	6871.000000	7152.000000	7434.000000	7718.000000	8003.000000	8289.000000	6807.000000	6901.000000	5945.000000	3970.000000	4259.000000	4608.000000	4293.000000	3201.000000	3937.000000	3559.000000	3875.000000	5126.000000	5276.000000	5031.000000	4811.000000	5903.000000	5425.000000	5575.000000	5726.000000	5876.000000	6027.000000	6178.000000	6330.000000	6481.000000	6633.000000	6785.000000	6937.000000	7090.000000	7242.000000	6700.000000	6804.000000	6183.000000	6822.000000	7957.000000	8222.000000	8293.000000	8945.000000	9594.000000	8747.000000	8866.000000	7395.000000	7548.000000	7701.000000	7854.000000	8007.000000	8160.000000	8314.000000	8467.000000	8621.000000	9561.000000	10017.000000	10235.000000	11106.000000	11957.000000	11856.000000	11757.000000	11659.000000	11562.000000	11467.000000	11373.000000	11280.000000	11189.000000	11099.000000	9111.000000	9110.000000	9112.000000	9117.000000	9125.000000	9135.000000	9148.000000	9163.000000	9182.000000	9202.000000	
2063.000000	1794.000000	1446.000000	1234.000000	1231200.000000	725.000000	1825.000000	2229.000000	7175.000000	7475.000000	8075.000000	8375.000000	8675.000000	8119.000000	8153.000000	7121.000000	7160.000000	5890.000000	5693.000000	5300.000000	5104.000000	3855.000000	3905.000000	3324.000000	3265.000000	3055.000000	1854.000000	1929.000000	2046.000000	1175.000000	957.000000	795.000000	1689.000000	1423.000000	2198.000000	2315.000000	3493.000000	3400.000000	3970.000000	4050.000000	5313.000000	5456.000000	5646.000000	5838.000000	6030.000000	7325.000000	7619.000000	7914.000000	8209.000000	8504.000000	8800.000000	7115.000000	7188.000000	6175.000000	3780.000000	3982.000000	4278.000000	3790.000000	2593.000000	3242.000000	2887.000000	2983.000000	3996.000000	4149.000000	4030.000000	3849.000000	5016.000000	4303.000000	4457.000000	4610.000000	4764.000000	4919.000000	5073.000000	5227.000000	5382.000000	5536.000000	5691.000000	5845.000000	6000.000000	6155.000000	5765.000000	5910.000000	5310.000000	5968.000000	7647.000000	7991.000000	8082.000000	8836.000000	9445.000000	8444.000000	8377.000000	6310.000000	6465.000000	6620.000000	6775.000000	6930.000000	7085.000000	7240.000000	7395.000000	7550.000000	9009.000000	9630.000000	9947.000000	10934.000000	11766.000000	11653.000000	11542.000000	11432.000000	11323.000000	11215.000000	11108.000000	11003.000000	10898.000000	10795.000000	8180.000000	8165.000000	8153.000000	8144.000000	8138.000000	8135.000000	8135.000000	8138.000000	8144.000000	8153.000000	
1481.000000	1269.000000	1057.000000	1000.000000	725.000000	1231200.000000	1100.000000	1602.000000	6450.000000	6750.000000	7350.000000	7650.000000	7950.000000	7394.000000	7430.000000	6397.000000	6438.000000	5173.000000	4977.000000	4585.000000	4390.000000	3138.000000	3197.000000	2625.000000	2553.000000	2381.000000	1140.000000	1253.000000	1421.000000	900.000000	600.000000	300.000000	1500.000000	1200.000000	1628.000000	1780.000000	2831.000000	2719.000000	3274.000000	3368.000000	4620.000000	4761.000000	4949.000000	5139.000000	5329.000000	6611.000000	6904.000000	7198.000000	7492.000000	7786.000000	8081.000000	6423.000000	6499.000000	5496.000000	3217.000000	3460.000000	3785.000000	3388.000000	2245.000000	2965.000000	2590.000000	2875.000000	4170.000000	4316.000000	4034.000000	3812.000000	4905.000000	4463.000000	4610.000000	4758.000000	4907.000000	5056.000000	5205.000000	5355.000000	5505.000000	5656.000000	5806.000000	5957.000000	6109.000000	6260.000000	5700.000000	5807.000000	5187.000000	5828.000000	7161.000000	7470.000000	7553.000000	8267.000000	8893.000000	7957.000000	7987.000000	6412.000000	6564.000000	6716.000000	6868.000000	7021.000000	7173.000000	7326.000000	7479.000000	7632.000000	8657.000000	9187.000000	9456.000000	10395.000000	11235.000000	11128.000000	11021.000000	10916.000000	10812.000000	10710.000000	10609.000000	10509.000000	10410.000000	10313.000000	8111.000000	8110.000000	8112.000000	8117.000000	8125.000000	8136.000000	8149.000000	8166.000000	8186.000000	8209.000000	
1000.000000	1050.000000	1254.000000	1464.000000	1825.000000	1100.000000	1231200.000000	928.000000	5350.000000	5650.000000	6250.000000	6550.000000	6850.000000	6297.000000	6339.000000	5301.000000	5351.000000	4099.000000	3905.000000	3520.000000	3329.000000	2072.000000	2160.000000	1630.000000	1510.000000	1485.000000	300.000000	600.000000	900.000000	1421.000000	1253.000000	1140.000000	1860.000000	1628.000000	1200.000000	1400.000000	1945.000000	1777.000000	2273.000000	2407.000000	3611.000000	3746.000000	3927.000000	4110.000000	4294.000000	5543.000000	5833.000000	6124.000000	6416.000000	6709.000000	7002.000000	5404.000000	5490.000000	4512.000000	2561.000000	2879.000000	3245.000000	3055.000000	2158.000000	2899.000000	2536.000000	3087.000000	4673.000000	4804.000000	4317.000000	4050.000000	4978.000000	4937.000000	5071.000000	5205.000000	5342.000000	5479.000000	5617.000000	5756.000000	5896.000000	6037.000000	6178.000000	6320.000000	6463.000000	6606.000000	5815.000000	5858.000000	5229.000000	5824.000000	6543.000000	6783.000000	6850.000000	7485.000000	8138.000000	7328.000000	7526.000000	6750.000000	6895.000000	7040.000000	7185.000000	7331.000000	7477.000000	7624.000000	7771.000000	7918.000000	8254.000000	8622.000000	8806.000000	9651.000000	10504.000000	10405.000000	10308.000000	10213.000000	10119.000000	10026.000000	9935.000000	9846.000000	9758.000000	9672.000000	8167.000000	8187.000000	8210.000000	8236.000000	8264.000000	8296.000000	8330.000000	8367.000000	8407.000000	8449.000000	
253.000000	553.000000	987.000000	1298.000000	2229.000000	1602.000000	928.000000	1231200.000000	5195.000000	5491.000000	6085.000000	6382.000000	6679.000000	6216.000000	6312.000000	5247.000000	5361.000000	4204.000000	4026.000000	3679.000000	3509.000000	2321.000000	2493.000000	2115.000000	1910.000000	2131.000000	1221.000000	1517.000000	1814.000000	2235.000000	2001.000000	1788.000000	2741.000000	2483.000000	2112.000000	2311.000000	2549.000000	2329.000000	2676.000000	2870.000000	3921.000000	4037.000000	4195.000000	4356.000000	4521.000000	5638.000000	5912.000000	6189.000000	6467.000000	6747.000000	7029.000000	5644.000000	5749.000000	4843.000000	3314.000000	3662.000000	4038.000000	3930.000000	3084.000000	3822.000000	3462.000000	4009.000000	5557.000000	5692.000000	5238.000000	4973.000000	5903.000000	5829.000000	5966.000000	6104.000000	6243.000000	6383.000000	6523.000000	6665.000000	6807.000000	6949.000000	7092.000000	7236.000000	7380.000000	7524.000000	6742.000000	6782.000000	6153.000000	6742.000000	7236.000000	7423.000000	7477.000000	8035.000000	8707.000000	8005.000000	8302.000000	7669.000000	7815.000000	7961.000000	8107.000000	8253.000000	8400.000000	8548.000000	8695.000000	8843.000000	9054.000000	9334.000000	9458.000000	10221.000000	11081.000000	10991.000000	10902.000000	10815.000000	10730.000000	10646.000000	10563.000000	10483.000000	10404.000000	10327.000000	9088.000000	9110.000000	9134.000000	9161.000000	9191.000000	9223.000000	9257.000000	9294.000000	9334.000000	9376.000000	
5441.000000	5748.000000	6180.000000	6489.000000	7175.000000	6450.000000	5350.000000	5195.000000	1231200.000000	300.000000	900.000000	1200.000000	1500.000000	1089.000000	1326.000000	580.000000	953.000000	1730.000000	1893.000000	2237.000000	2415.000000	3442.000000	3499.000000	4081.000000	4032.000000	4469.000000	5361.000000	5389.000000	5434.000000	6520.000000	6483.000000	6459.000000	6634.000000	6570.000000	5494.000000	5543.000000	4223.000000	4145.000000	3574.000000	3664.000000	2706.000000	2590.000000	2441.000000	2299.000000	2167.000000	1500.000000	1530.000000	1616.000000	1749.000000	1921.000000	2121.000000	2314.000000	2458.000000	2684.000000	4779.000000	5014.000000	5185.000000	5806.000000	6124.000000	6429.000000	6313.000000	7105.000000	8855.000000	8926.000000	8066.000000	7771.000000	7953.000000	8998.000000	9073.000000	9150.000000	9229.000000	9310.000000	9393.000000	9478.000000	9564.000000	9652.000000	9742.000000	9834.000000	9927.000000	10022.000000	8678.000000	8506.000000	8032.000000	8291.000000	6057.000000	5785.000000	5725.000000	5583.000000	6225.000000	6482.000000	7555.000000	10118.000000	10216.000000	10315.000000	10415.000000	10517.000000	10620.000000	10725.000000	10830.000000	10937.000000	8382.000000	7789.000000	7417.000000	7476.000000	8267.000000	8243.000000	8223.000000	8205.000000	8190.000000	8178.000000	8169.000000	8163.000000	8160.000000	8160.000000	10318.000000	10414.000000	10512.000000	10611.000000	10711.000000	10813.000000	10916.000000	11020.000000	11126.000000	11232.000000	
5736.000000	6044.000000	6477.000000	6786.000000	7475.000000	6750.000000	5650.000000	5491.000000	300.000000	1231200.000000	600.000000	900.000000	1200.000000	849.000000	1137.000000	686.000000	1021.000000	1977.000000	2149.000000	2506.000000	2689.000000	3736.000000	3790.000000	4374.000000	4328.000000	4760.000000	5661.000000	5687.000000	5729.000000	6817.000000	6781.000000	6759.000000	6926.000000	6865.000000	5787.000000	5833.000000	4506.000000	4434.000000	3858.000000	3942.000000	2947.000000	2825.000000	2667.000000	2514.000000	2369.000000	1530.000000	1500.000000	1530.000000	1616.000000	1749.000000	1921.000000	2388.000000	2524.000000	2855.000000	5043.000000	5269.000000	5430.000000	6063.000000	6406.000000	6697.000000	6588.000000	7379.000000	9124.000000	9193.000000	8326.000000	8033.000000	8190.000000	9264.000000	9336.000000	9411.000000	9488.000000	9567.000000	9647.000000	9730.000000	9814.000000	9900.000000	9988.000000	10077.000000	10168.000000	10260.000000	8905.000000	8726.000000	8262.000000	8506.000000	6165.000000	5867.000000	5800.000000	5607.000000	6235.000000	6559.000000	7665.000000	10354.000000	10450.000000	10547.000000	10645.000000	10745.000000	10846.000000	10948.000000	11052.000000	11157.000000	8486.000000	7845.000000	7443.000000	7447.000000	8224.000000	8206.000000	8191.000000	8179.000000	8170.000000	8164.000000	8160.000000	8160.000000	8163.000000	8169.000000	10504.000000	10603.000000	10704.000000	10805.000000	10908.000000	11012.000000	11118.000000	11224.000000	11332.000000	11441.000000	
6329.000000	6637.000000	7071.000000	7380.000000	8075.000000	7350.000000	6250.000000	6085.000000	900.000000	600.000000	1231200.000000	300.000000	600.000000	576.000000	950.000000	1132.000000	1361.000000	2506.000000	2689.000000	3061.000000	3249.000000	4328.000000	4374.000000	4962.000000	4922.000000	5345.000000	6260.000000	6284.000000	6322.000000	7411.000000	7379.000000	7358.000000	7512.000000	7456.000000	6374.000000	6416.000000	5079.000000	5015.000000	4434.000000	4506.000000	3458.000000	3327.000000	3156.000000	2989.000000	2825.000000	1749.000000	1616.000000	1530.000000	1500.000000	1530.000000	1616.000000	2633.000000	2751.000000	3253.000000	5582.000000	5793.000000	5934.000000	6587.000000	6973.000000	7242.000000	7145.000000	7934.000000	9669.000000	9733.000000	8855.000000	8564.000000	8676.000000	9800.000000	9869.000000	9940.000000	10013.000000	10087.000000	10164.000000	10242.000000	10322.000000	10404.000000	10487.000000	10572.000000	10659.000000	10747.000000	9371.000000	9180.000000	8735.000000	8951.000000	6418.000000	6073.000000	5993.000000	5703.000000	6297.000000	6751.000000	7916.000000	10837.000000	10928.000000	11021.000000	11115.000000	11211.000000	11308.000000	11406.000000	11505.000000	11606.000000	8724.000000	7991.000000	7531.000000	7425.000000	8171.000000	8164.000000	8161.000000	8160.000000	8162.000000	8168.000000	8176.000000	8187.000000	8201.000000	8219.000000	10892.000000	10996.000000	11101.000000	11208.000000	11315.000000	11424.000000	11534.000000	11644.000000	11756.000000	11869.000000	
6625.000000	6934.000000	7368.000000	7678.000000	8375.000000	7650.000000	6550.000000	6382.000000	1200.000000	900.000000	300.000000	1231200.000000	300.000000	637.000000	989.000000	1399.000000	1590.000000	2781.000000	2967.000000	3344.000000	3535.000000	4625.000000	4668.000000	5257.000000	5219.000000	5638.000000	6559.000000	6582.000000	6619.000000	7709.000000	7678.000000	7658.000000	7805.000000	7751.000000	6668.000000	6709.000000	5368.000000	5307.000000	4723.000000	4792.000000	3723.000000	3590.000000	3414.000000	3241.000000	3072.000000	1921.000000	1749.000000	1616.000000	1530.000000	1500.000000	1530.000000	2796.000000	2905.000000	3474.000000	5856.000000	6060.000000	6192.000000	6854.000000	7259.000000	7517.000000	7427.000000	8213.000000	9943.000000	10006.000000	9123.000000	8833.000000	8924.000000	10071.000000	10138.000000	10207.000000	10278.000000	10351.000000	10425.000000	10502.000000	10580.000000	10660.000000	10741.000000	10824.000000	10909.000000	10995.000000	9610.000000	9413.000000	8977.000000	9180.000000	6561.000000	6195.000000	6110.000000	5773.000000	6349.000000	6864.000000	8055.000000	11083.000000	11172.000000	11263.000000	11355.000000	11449.000000	11543.000000	11640.000000	11737.000000	11836.000000	8855.000000	8080.000000	7593.000000	7432.000000	8161.000000	8160.000000	8162.000000	8167.000000	8175.000000	8186.000000	8200.000000	8217.000000	8237.000000	8260.000000	11093.000000	11200.000000	11307.000000	11416.000000	11525.000000	11636.000000	11748.000000	11860.000000	11974.000000	12089.000000	
6922.000000	7232.000000	7666.000000	7976.000000	8675.000000	7950.000000	6850.000000	6679.000000	1500.000000	1200.000000	600.000000	300.000000	1231200.000000	813.000000	1110.000000	1677.000000	1839.000000	3061.000000	3249.000000	3630.000000	3822.000000	4922.000000	4962.000000	5553.000000	5516.000000	5933.000000	6859.000000	6881.000000	6916.000000	8007.000000	7977.000000	7958.000000	8100.000000	8048.000000	6963.000000	7002.000000	5657.000000	5600.000000	5015.000000	5079.000000	3993.000000	3858.000000	3678.000000	3502.000000	3327.000000	2121.000000	1921.000000	1749.000000	1616.000000	1530.000000	1500.000000	2980.000000	3081.000000	3706.000000	6133.000000	6330.000000	6455.000000	7123.000000	7545.000000	7795.000000	7709.000000	8494.000000	10219.000000	10281.000000	9393.000000	9104.000000	9175.000000	10344.000000	10409.000000	10476.000000	10545.000000	10616.000000	10689.000000	10763.000000	10840.000000	10917.000000	10997.000000	11078.000000	11161.000000	11245.000000	9852.000000	9650.000000	9223.000000	9413.000000	6715.000000	6329.000000	6239.000000	5858.000000	6415.000000	6989.000000	8202.000000	11331.000000	11418.000000	11507.000000	11597.000000	11689.000000	11782.000000	11876.000000	11972.000000	12069.000000	8994.000000	8178.000000	7666.000000	7451.000000	8162.000000	8167.000000	8175.000000	8185.000000	8199.000000	8216.000000	8235.000000	8258.000000	8283.000000	8311.000000	11299.000000	11407.000000	11517.000000	11627.000000	11739.000000	11852.000000	11965.000000	12080.000000	12195.000000	12312.000000	
6464.000000	6768.000000	7195.000000	7501.000000	8119.000000	7394.000000	6297.000000	6216.000000	1089.000000	849.000000	576.000000	637.000000	813.000000	1231200.000000	375.000000	1000.000000	1068.000000	2349.000000	2545.000000	2939.000000	3136.000000	4301.000000	4314.000000	4912.000000	4901.000000	5279.000000	6279.000000	6275.000000	6286.000000	7385.000000	7375.000000	7378.000000	7439.000000	7406.000000	6311.000000	6336.000000	4973.000000	4937.000000	4342.000000	4383.000000	3242.000000	3102.000000	2915.000000	2731.000000	2550.000000	1308.000000	1116.000000	980.000000	925.000000	965.000000	1089.000000	2171.000000	2276.000000	2900.000000	5392.000000	5571.000000	5680.000000	6362.000000	6840.000000	7053.000000	6985.000000	7764.000000	9472.000000	9528.000000	8631.000000	8345.000000	8382.000000	9587.000000	9648.000000	9712.000000	9777.000000	9844.000000	9913.000000	9985.000000	10058.000000	10133.000000	10210.000000	10289.000000	10369.000000	10451.000000	9050.000000	8845.000000	8425.000000	8606.000000	5926.000000	5558.000000	5473.000000	5148.000000	5734.000000	6227.000000	7418.000000	10535.000000	10620.000000	10707.000000	10796.000000	10886.000000	10978.000000	11071.000000	11165.000000	11261.000000	8218.000000	7448.000000	6972.000000	6850.000000	7596.000000	7589.000000	7586.000000	7585.000000	7588.000000	7595.000000	7604.000000	7617.000000	7632.000000	7651.000000	10486.000000	10594.000000	10704.000000	10814.000000	10926.000000	11039.000000	11153.000000	11267.000000	11383.000000	11500.000000	
6563.000000	6862.000000	7284.000000	7586.000000	8153.000000	7430.000000	6339.000000	6312.000000	1326.000000	1137.000000	950.000000	989.000000	1110.000000	375.000000	1231200.000000	1068.000000	1000.000000	2302.000000	2502.000000	2902.000000	3102.000000	4309.000000	4300.000000	4900.000000	4908.000000	5253.000000	6304.000000	6282.000000	6275.000000	7375.000000	7381.000000	7399.000000	7399.000000	7381.000000	6282.000000	6295.000000	4923.000000	4905.000000	4306.000000	4326.000000	3135.000000	2989.000000	2796.000000	2603.000000	2412.000000	1076.000000	833.000000	639.000000	551.000000	615.000000	796.000000	1892.000000	1983.000000	2698.000000	5282.000000	5439.000000	5525.000000	6224.000000	6762.000000	6937.000000	6888.000000	7659.000000	9345.000000	9396.000000	8486.000000	8205.000000	8193.000000	9449.000000	9505.000000	9563.000000	9623.000000	9686.000000	9750.000000	9817.000000	9885.000000	9956.000000	10028.000000	10102.000000	10179.000000	10257.000000	8841.000000	8627.000000	8224.000000	8382.000000	5605.000000	5221.000000	5132.000000	4784.000000	5364.000000	5884.000000	7092.000000	10336.000000	10418.000000	10501.000000	10586.000000	10672.000000	10760.000000	10849.000000	10940.000000	11033.000000	7885.000000	7091.000000	6606.000000	6475.000000	7221.000000	7214.000000	7211.000000	7210.000000	7213.000000	7220.000000	7230.000000	7243.000000	7260.000000	7280.000000	10218.000000	10329.000000	10441.000000	10554.000000	10669.000000	10784.000000	10901.000000	11018.000000	11137.000000	11256.000000	
5498.000000	5798.000000	6222.000000	6525.000000	7121.000000	6397.000000	5301.000000	5247.000000	580.000000	686.000000	1132.000000	1399.000000	1677.000000	1000.000000	1068.000000	1231200.000000	375.000000	1384.000000	1573.000000	1958.000000	2153.000000	3302.000000	3319.000000	3916.000000	3901.000000	4285.000000	5280.000000	5276.000000	5288.000000	6386.000000	6375.000000	6379.000000	6449.000000	6411.000000	5318.000000	5347.000000	3992.000000	3946.000000	3354.000000	3408.000000	2326.000000	2195.000000	2025.000000	1860.000000	1703.000000	928.000000	998.000000	1145.000000	1344.000000	1575.000000	1827.000000	1736.000000	1878.000000	2171.000000	4458.000000	4662.000000	4802.000000	5456.000000	5872.000000	6119.000000	6032.000000	6818.000000	8545.000000	8608.000000	7726.000000	7435.000000	7547.000000	8673.000000	8740.000000	8810.000000	8882.000000	8956.000000	9032.000000	9110.000000	9190.000000	9272.000000	9356.000000	9442.000000	9530.000000	9619.000000	8250.000000	8064.000000	7611.000000	7840.000000	5492.000000	5210.000000	5148.000000	5005.000000	5650.000000	5906.000000	6991.000000	9710.000000	9803.000000	9897.000000	9993.000000	10090.000000	10189.000000	10289.000000	10390.000000	10493.000000	7815.000000	7209.000000	6838.000000	6916.000000	7713.000000	7686.000000	7663.000000	7642.000000	7625.000000	7610.000000	7599.000000	7591.000000	7587.000000	7585.000000	9822.000000	9922.000000	10023.000000	10126.000000	10230.000000	10335.000000	10442.000000	10549.000000	10658.000000	10769.000000	
5613.000000	5908.000000	6324.000000	6622.000000	7160.000000	6438.000000	5351.000000	5361.000000	953.000000	1021.000000	1361.000000	1590.000000	1839.000000	1068.000000	1000.000000	375.000000	1231200.000000	1304.000000	1503.000000	1903.000000	2102.000000	3311.000000	3300.000000	3900.000000	3910.000000	4254.000000	5309.000000	5284.000000	5275.000000	6375.000000	6382.000000	6403.000000	6403.000000	6382.000000	5284.000000	5299.000000	3929.000000	3906.000000	3308.000000	3334.000000	2174.000000	2034.000000	1848.000000	1666.000000	1488.000000	555.000000	666.000000	871.000000	1119.000000	1389.000000	1668.000000	1370.000000	1510.000000	1892.000000	4324.000000	4504.000000	4618.000000	5295.000000	5781.000000	5985.000000	5920.000000	6698.000000	8404.000000	8461.000000	7564.000000	7278.000000	7336.000000	8520.000000	8582.000000	8646.000000	8713.000000	8781.000000	8853.000000	8926.000000	9001.000000	9078.000000	9158.000000	9239.000000	9322.000000	9407.000000	8020.000000	7824.000000	7388.000000	7593.000000	5144.000000	4849.000000	4784.000000	4630.000000	5275.000000	5543.000000	6644.000000	9494.000000	9583.000000	9673.000000	9765.000000	9859.000000	9954.000000	10050.000000	10149.000000	10248.000000	7465.000000	6840.000000	6464.000000	6544.000000	7345.000000	7317.000000	7292.000000	7270.000000	7252.000000	7237.000000	7225.000000	7217.000000	7212.000000	7210.000000	9535.000000	9638.000000	9742.000000	9848.000000	9955.000000	10063.000000	10172.000000	10283.000000	10395.000000	10508.000000	
4456.000000	4737.000000	5137.000000	5426.000000	5890.000000	5173.000000	4099.000000	4204.000000	1730.000000	1977.000000	2506.000000	2781.000000	3061.000000	2349.000000	2302.000000	1384.000000	1304.000000	1231200.000000	200.000000	600.000000	800.000000	2035.000000	2004.000000	2603.000000	2627.000000	2951.000000	4036.000000	3995.000000	3976.000000	5076.000000	5091.000000	5123.000000	5100.000000	5079.000000	3980.000000	3995.000000	2627.000000	2603.000000	2004.000000	2035.000000	976.000000	866.000000	742.000000	656.000000	625.000000	1447.000000	1734.000000	2026.000000	2319.000000	2614.000000	2910.000000	1550.000000	1686.000000	1226.000000	3077.000000	3293.000000	3456.000000	4087.000000	4493.000000	4737.000000	4649.000000	5434.000000	7163.000000	7228.000000	6353.000000	6061.000000	6224.000000	7295.000000	7365.000000	7438.000000	7513.000000	7591.000000	7671.000000	7753.000000	7838.000000	7924.000000	8013.000000	8104.000000	8197.000000	8292.000000	6954.000000	6788.000000	6305.000000	6580.000000	4699.000000	4551.000000	4526.000000	4651.000000	5342.000000	5252.000000	6158.000000	8388.000000	8486.000000	8586.000000	8688.000000	8791.000000	8896.000000	9003.000000	9110.000000	9219.000000	6997.000000	6625.000000	6410.000000	6760.000000	7605.000000	7551.000000	7500.000000	7452.000000	7407.000000	7365.000000	7326.000000	7290.000000	7257.000000	7227.000000	8658.000000	8748.000000	8839.000000	8933.000000	9028.000000	9125.000000	9224.000000	9324.000000	9426.000000	9529.000000	
4278.000000	4556.000000	4954.000000	5241.000000	5693.000000	4977.000000	3905.000000	4026.000000	1893.000000	2149.000000	2689.000000	2967.000000	3249.000000	2545.000000	2502.000000	1573.000000	1503.000000	200.000000	1231200.000000	400.000000	600.000000	1839.000000	1804.000000	2403.000000	2429.000000	2751.000000	3839.000000	3796.000000	3776.000000	4876.000000	4891.000000	4925.000000	4901.000000	4879.000000	3780.000000	3796.000000	2429.000000	2403.000000	1804.000000	1839.000000	833.000000	742.000000	656.000000	625.000000	656.000000	1638.000000	1928.000000	2221.000000	2516.000000	2811.000000	3108.000000	1680.000000	1809.000000	1234.000000	2896.000000	3122.000000	3296.000000	3914.000000	4300.000000	4554.000000	4460.000000	5246.000000	6981.000000	7047.000000	6177.000000	5884.000000	6069.000000	7116.000000	7188.000000	7262.000000	7339.000000	7419.000000	7501.000000	7585.000000	7671.000000	7760.000000	7850.000000	7943.000000	8038.000000	8134.000000	6808.000000	6648.000000	6157.000000	6444.000000	4674.000000	4552.000000	4533.000000	4701.000000	5395.000000	5250.000000	6120.000000	8233.000000	8333.000000	8435.000000	8538.000000	8643.000000	8750.000000	8858.000000	8968.000000	9078.000000	6959.000000	6630.000000	6440.000000	6830.000000	7679.000000	7621.000000	7566.000000	7514.000000	7465.000000	7419.000000	7376.000000	7336.000000	7299.000000	7266.000000	8545.000000	8633.000000	8722.000000	8813.000000	8906.000000	9001.000000	9098.000000	9196.000000	9296.000000	9397.000000	
3929.000000	4201.000000	4591.000000	4873.000000	5300.000000	4585.000000	3520.000000	3679.000000	2237.000000	2506.000000	3061.000000	3344.000000	3630.000000	2939.000000	2902.000000	1958.000000	1903.000000	600.000000	400.000000	1231200.000000	200.000000	1449.000000	1406.000000	2004.000000	2035.000000	2351.000000	3447.000000	3399.000000	3376.000000	4476.000000	4493.000000	4529.000000	4503.000000	4479.000000	3381.000000	3399.000000	2035.000000	2004.000000	1406.000000	1449.000000	643.000000	625.000000	656.000000	742.000000	866.000000	2026.000000	2319.000000	2614.000000	2910.000000	3207.000000	3504.000000	1976.000000	2091.000000	1343.000000	2543.000000	2790.000000	2990.000000	3578.000000	3915.000000	4193.000000	4085.000000	4875.000000	6619.000000	6689.000000	5831.000000	5535.000000	5768.000000	6762.000000	6837.000000	6915.000000	6996.000000	7079.000000	7165.000000	7253.000000	7343.000000	7436.000000	7531.000000	7627.000000	7726.000000	7826.000000	6524.000000	6378.000000	5869.000000	6185.000000	4651.000000	4580.000000	4575.000000	4825.000000	5521.000000	5269.000000	6063.000000	7928.000000	8032.000000	8138.000000	8245.000000	8354.000000	8464.000000	8576.000000	8689.000000	8803.000000	6900.000000	6657.000000	6519.000000	6983.000000	7839.000000	7774.000000	7712.000000	7653.000000	7597.000000	7543.000000	7493.000000	7445.000000	7400.000000	7358.000000	8330.000000	8412.000000	8497.000000	8583.000000	8671.000000	8762.000000	8854.000000	8948.000000	9043.000000	9140.000000	
3758.000000	4026.000000	4411.000000	4692.000000	5104.000000	4390.000000	3329.000000	3509.000000	2415.000000	2689.000000	3249.000000	3535.000000	3822.000000	3136.000000	3102.000000	2153.000000	2102.000000	800.000000	600.000000	200.000000	1231200.000000	1257.000000	1206.000000	1804.000000	1839.000000	2151.000000	3251.000000	3200.000000	3177.000000	4276.000000	4294.000000	4332.000000	4304.000000	4280.000000	3181.000000	3200.000000	1839.000000	1804.000000	1206.000000	1257.000000	627.000000	656.000000	742.000000	866.000000	1015.000000	2221.000000	2516.000000	2811.000000	3108.000000	3405.000000	3702.000000	2136.000000	2245.000000	1436.000000	2372.000000	2632.000000	2846.000000	3415.000000	3724.000000	4015.000000	3900.000000	4691.000000	6440.000000	6512.000000	5660.000000	5364.000000	5622.000000	6586.000000	6664.000000	6744.000000	6827.000000	6912.000000	7000.000000	7090.000000	7182.000000	7277.000000	7374.000000	7472.000000	7573.000000	7675.000000	6387.000000	6248.000000	5730.000000	6061.000000	4652.000000	4607.000000	4609.000000	4898.000000	5594.000000	5290.000000	6044.000000	7779.000000	7885.000000	7993.000000	8102.000000	8213.000000	8325.000000	8438.000000	8553.000000	8669.000000	6878.000000	6679.000000	6567.000000	7067.000000	7925.000000	7857.000000	7792.000000	7729.000000	7670.000000	7613.000000	7558.000000	7507.000000	7458.000000	7413.000000	8227.000000	8307.000000	8389.000000	8473.000000	8558.000000	8646.000000	8736.000000	8828.000000	8921.000000	9016.000000	
2563.000000	2811.000000	3179.000000	3451.000000	3855.000000	3138.000000	2072.000000	2321.000000	3442.000000	3736.000000	4328.000000	4625.000000	4922.000000	4301.000000	4309.000000	3302.000000	3311.000000	2035.000000	1839.000000	1449.000000	1257.000000	1231200.000000	250.000000	650.000000	600.000000	1051.000000	2002.000000	1975.000000	1994.000000	3087.000000	3075.000000	3092.000000	3197.000000	3128.000000	2057.000000	2122.000000	960.000000	781.000000	500.000000	750.000000	1601.000000	1720.000000	1887.000000	2059.000000	2236.000000	3474.000000	3766.000000	4060.000000	4354.000000	4649.000000	4944.000000	3356.000000	3452.000000	2522.000000	1834.000000	2196.000000	2530.000000	2857.000000	2788.000000	3253.000000	3046.000000	3830.000000	5606.000000	5699.000000	4935.000000	4634.000000	5138.000000	5794.000000	5892.000000	5992.000000	6095.000000	6200.000000	6307.000000	6416.000000	6527.000000	6639.000000	6754.000000	6870.000000	6987.000000	7107.000000	5960.000000	5884.000000	5304.000000	5747.000000	5197.000000	5288.000000	5321.000000	5785.000000	6470.000000	5921.000000	6441.000000	7227.000000	7349.000000	7472.000000	7596.000000	7722.000000	7848.000000	7976.000000	8105.000000	8234.000000	7248.000000	7294.000000	7314.000000	7977.000000	8838.000000	8756.000000	8676.000000	8599.000000	8523.000000	8449.000000	8378.000000	8309.000000	8243.000000	8179.000000	8042.000000	8100.000000	8161.000000	8224.000000	8290.000000	8358.000000	8429.000000	8502.000000	8577.000000	8654.000000	
2728.000000	2963.000000	3314.000000	3575.000000	3905.000000	3197.000000	2160.000000	2493.000000	3499.000000	3790.000000	4374.000000	4668.000000	4962.000000	4314.000000	4300.000000	3319.000000	3300.000000	2004.000000	1804.000000	1406.000000	1206.000000	250.000000	1231200.000000	600.000000	650.000000	971.000000	2057.000000	1994.000000	1975.000000	3075.000000	3087.000000	3128.000000	3138.000000	3092.000000	2002.000000	2044.000000	781.000000	650.000000	250.000000	500.000000	1458.000000	1588.000000	1767.000000	1950.000000	2136.000000	3424.000000	3720.000000	4016.000000	4313.000000	4611.000000	4909.000000	3244.000000	3332.000000	2372.000000	1612.000000	1968.000000	2294.000000	2650.000000	2662.000000	3086.000000	2898.000000	3689.000000	5464.000000	5552.000000	4767.000000	4466.000000	4932.000000	5643.000000	5736.000000	5832.000000	5931.000000	6033.000000	6136.000000	6242.000000	6350.000000	6459.000000	6571.000000	6685.000000	6800.000000	6916.000000	5749.000000	5665.000000	5091.000000	5523.000000	4955.000000	5056.000000	5092.000000	5575.000000	6257.000000	5684.000000	6193.000000	7035.000000	7154.000000	7275.000000	7398.000000	7521.000000	7646.000000	7772.000000	7899.000000	8027.000000	6999.000000	7054.000000	7085.000000	7766.000000	8628.000000	8544.000000	8462.000000	8382.000000	8304.000000	8229.000000	8156.000000	8085.000000	8016.000000	7950.000000	7810.000000	7870.000000	7932.000000	7997.000000	8065.000000	8135.000000	8208.000000	8283.000000	8360.000000	8439.000000	
2329.000000	2527.000000	2839.000000	3080.000000	3324.000000	2625.000000	1630.000000	2115.000000	4081.000000	4374.000000	4962.000000	5257.000000	5553.000000	4912.000000	4900.000000	3916.000000	3900.000000	2603.000000	2403.000000	2004.000000	1804.000000	650.000000	600.000000	1231200.000000	250.000000	403.000000	1490.000000	1402.000000	1375.000000	2475.000000	2490.000000	2541.000000	2553.000000	2496.000000	1413.000000	1472.000000	500.000000	250.000000	650.000000	781.000000	1996.000000	2136.000000	2324.000000	2514.000000	2706.000000	4016.000000	4313.000000	4611.000000	4909.000000	5207.000000	5505.000000	3798.000000	3877.000000	2885.000000	1414.000000	1793.000000	2159.000000	2351.000000	2151.000000	2658.000000	2425.000000	3202.000000	4975.000000	5072.000000	4332.000000	4032.000000	4611.000000	5171.000000	5273.000000	5378.000000	5485.000000	5594.000000	5705.000000	5819.000000	5935.000000	6052.000000	6171.000000	6292.000000	6414.000000	6537.000000	5446.000000	5394.000000	4796.000000	5279.000000	5148.000000	5313.000000	5365.000000	5927.000000	6595.000000	5907.000000	6291.000000	6662.000000	6789.000000	6916.000000	7045.000000	7174.000000	7305.000000	7437.000000	7569.000000	7703.000000	7073.000000	7252.000000	7349.000000	8110.000000	8969.000000	8877.000000	8788.000000	8700.000000	8615.000000	8531.000000	8449.000000	8370.000000	8292.000000	8217.000000	7604.000000	7653.000000	7706.000000	7761.000000	7819.000000	7879.000000	7942.000000	8008.000000	8076.000000	8146.000000	
2133.000000	2347.000000	2681.000000	2935.000000	3265.000000	2553.000000	1510.000000	1910.000000	4032.000000	4328.000000	4922.000000	5219.000000	5516.000000	4901.000000	4908.000000	3901.000000	3910.000000	2627.000000	2429.000000	2035.000000	1839.000000	600.000000	650.000000	250.000000	1231200.000000	570.000000	1413.000000	1375.000000	1402.000000	2490.000000	2475.000000	2496.000000	2625.000000	2541.000000	1490.000000	1578.000000	750.000000	500.000000	781.000000	960.000000	2103.000000	2236.000000	2417.000000	2600.000000	2786.000000	4060.000000	4354.000000	4649.000000	4944.000000	5240.000000	5537.000000	3894.000000	3980.000000	3010.000000	1662.000000	2040.000000	2408.000000	2581.000000	2305.000000	2850.000000	2599.000000	3363.000000	5131.000000	5232.000000	4516.000000	4217.000000	4831.000000	5336.000000	5442.000000	5550.000000	5661.000000	5774.000000	5888.000000	6005.000000	6123.000000	6243.000000	6365.000000	6488.000000	6612.000000	6738.000000	5668.000000	5623.000000	5022.000000	5513.000000	5381.000000	5535.000000	5583.000000	6125.000000	6798.000000	6135.000000	6536.000000	6865.000000	6993.000000	7123.000000	7253.000000	7384.000000	7517.000000	7650.000000	7784.000000	7919.000000	7320.000000	7485.000000	7570.000000	8312.000000	9171.000000	9082.000000	8995.000000	8909.000000	8826.000000	8744.000000	8664.000000	8587.000000	8511.000000	8438.000000	7842.000000	7890.000000	7941.000000	7994.000000	8050.000000	8109.000000	8171.000000	8234.000000	8301.000000	8369.000000	
2317.000000	2472.000000	2735.000000	2948.000000	3055.000000	2381.000000	1485.000000	2131.000000	4469.000000	4760.000000	5345.000000	5638.000000	5933.000000	5279.000000	5253.000000	4285.000000	4254.000000	2951.000000	2751.000000	2351.000000	2151.000000	1051.000000	971.000000	403.000000	570.000000	1231200.000000	1285.000000	1130.000000	1040.000000	2132.000000	2177.000000	2262.000000	2167.000000	2129.000000	1033.000000	1075.000000	461.000000	354.000000	951.000000	996.000000	2268.000000	2414.000000	2609.000000	2804.000000	3001.000000	4341.000000	4640.000000	4939.000000	5238.000000	5538.000000	5837.000000	4066.000000	4135.000000	3120.000000	1209.000000	1578.000000	1956.000000	2040.000000	1750.000000	2280.000000	2033.000000	2804.000000	4576.000000	4674.000000	3947.000000	3648.000000	4271.000000	4775.000000	4879.000000	4986.000000	5095.000000	5206.000000	5320.000000	5436.000000	5554.000000	5673.000000	5795.000000	5918.000000	6042.000000	6168.000000	5111.000000	5074.000000	4468.000000	4973.000000	5109.000000	5319.000000	5381.000000	6000.000000	6655.000000	5884.000000	6181.000000	6296.000000	6424.000000	6554.000000	6685.000000	6817.000000	6950.000000	7084.000000	7219.000000	7354.000000	6945.000000	7204.000000	7349.000000	8169.000000	9023.000000	8926.000000	8831.000000	8738.000000	8646.000000	8556.000000	8468.000000	8383.000000	8299.000000	8217.000000	7311.000000	7355.000000	7402.000000	7452.000000	7505.000000	7561.000000	7619.000000	7680.000000	7744.000000	7811.000000	
