152

495218

9291.000000

50667

1	1	0	1	1	1	1	1	1	1	1	1	1	1	1	1	1	1	1	1	1	1	1	1	1	1	1	1	1	1	1	1	1	1	1	1	1	1	1	1	0	0	0	2	2	2	0	0	0	0	0	2	2	2	2	2	2	0	0	0	0	0	0	0	2	2	2	2	2	2	2	2	0	0	0	0	0	0	2	2	2	2	0	0	0	0	2	2	2	2	2	0	0	0	0	2	2	2	2	2	2	2	2	2	0	0	0	0	0	0	2	2	2	2	2	2	1	1	2	2	2	2	1	1	1	1	1	1	2	0	2	2	2	2	2	0	1	1	1	0	0	0	0	0	0	0	0	0	0	0	0	1	

9628	8756	8052	7767	7778	8079	8803	9691	9881	8859	7986	7553	7391	7547	8097	8842	9494	9131	8485	8270	8364	7614	7343	7192	7169	7118	7034	6855	7199	7275	7266	7756	7668	8506	8715	8682	7801	6825	7149	8774	4593	4091	3258	0	0	0	4490	5073	5033	5002	4569	0	0	0	0	0	0	4097	4106	4471	4393	4248	4146	4098	0	0	0	0	0	0	0	0	4644	4933	4805	4999	4957	4085	0	0	0	0	4132	5020	5565	4546	0	0	0	0	0	4529	4808	4736	4586	0	0	0	0	0	0	0	0	0	4363	4418	4565	5574	5426	5140	0	0	0	0	0	0	8858	8362	0	0	0	0	8755	9344	9477	9592	9304	9157	0	7992	0	0	0	0	0	7791	8541	8695	9053	9059	8979	8878	8820	7864	7839	7820	8050	8101	8121	9664	9536	9721	

1642900.000000	1150.000000	2550.000000	3700.000000	5100.000000	6250.000000	7650.000000	8800.000000	9358.000000	8204.000000	6810.000000	5656.000000	4262.000000	3110.000000	1723.000000	604.000000	9340.000000	9170.000000	8192.000000	7916.000000	7997.000000	6795.000000	6629.000000	5649.000000	5455.000000	5375.000000	4257.000000	4101.000000	3119.000000	2925.000000	2849.000000	1755.000000	1640.000000	742.000000	589.000000	605.000000	1381.000000	3795.000000	6317.000000	8855.000000	10354.000000	9801.000000	8462.000000	8004.000000	7001.000000	6715.000000	6278.000000	6254.000000	6374.000000	6476.000000	6492.000000	6838.000000	6943.000000	7147.000000	8118.000000	8214.000000	8544.000000	9901.000000	9987.000000	10389.000000	10343.000000	10221.000000	10106.000000	10045.000000	8518.000000	8429.000000	8336.000000	8286.000000	7151.000000	7117.000000	7061.000000	7029.000000	6536.000000	6575.000000	6577.000000	6569.000000	7150.000000	7242.000000	7591.000000	8051.000000	8783.000000	9497.000000	10471.000000	11339.000000	11927.000000	11045.000000	10052.000000	9310.000000	8534.000000	8023.000000	7592.000000	7420.000000	7688.000000	7664.000000	7693.000000	7856.000000	8178.000000	8181.000000	8268.000000	8761.000000	9362.000000	9388.000000	9516.000000	10237.000000	11019.000000	11060.000000	11213.000000	12077.000000	12036.000000	11828.000000	10234.000000	10069.000000	8809.000000	8712.000000	7967.000000	7962.000000	15738.000000	15382.000000	14563.000000	14304.000000	13766.000000	13625.000000	13413.000000	13403.000000	13524.000000	13626.000000	13680.000000	13633.000000	13749.000000	13854.000000	13984.000000	13957.000000	14428.000000	14533.000000	14730.000000	14721.000000	15502.000000	15604.000000	15856.000000	15864.000000	15799.000000	15725.000000	15683.000000	14704.000000	14651.000000	14619.000000	13993.000000	13964.000000	13945.000000	13725.000000	13726.000000	13719.000000	
1150.000000	1642900.000000	1400.000000	2550.000000	3950.000000	5100.000000	6500.000000	7650.000000	8209.000000	7054.000000	5660.000000	4507.000000	3115.000000	1966.000000	608.000000	650.000000	8192.000000	8023.000000	7045.000000	6769.000000	6850.000000	5649.000000	5487.000000	4506.000000	4311.000000	4232.000000	3119.000000	2973.000000	1995.000000	1804.000000	1732.000000	742.000000	758.000000	816.000000	1048.000000	963.000000	725.000000	2675.000000	5176.000000	7709.000000	9463.000000	8945.000000	7734.000000	7342.000000	6563.000000	6386.000000	6273.000000	6377.000000	6490.000000	6586.000000	6510.000000	6511.000000	6616.000000	6741.000000	7460.000000	7561.000000	7843.000000	9052.000000	9142.000000	9517.000000	9478.000000	9369.000000	9263.000000	9206.000000	7828.000000	7762.000000	7683.000000	7639.000000	6762.000000	6761.000000	6728.000000	6706.000000	6571.000000	6671.000000	6647.000000	6678.000000	7242.000000	7150.000000	7286.000000	7591.000000	8169.000000	8783.000000	9663.000000	10471.000000	11048.000000	10221.000000	9312.000000	8661.000000	8023.000000	7653.000000	7419.000000	7424.000000	7737.000000	7701.000000	7700.000000	7693.000000	7859.000000	7850.000000	7913.000000	8268.000000	8756.000000	8772.000000	8884.000000	9516.000000	10226.000000	10261.000000	10405.000000	11213.000000	11187.000000	10996.000000	9533.000000	9396.000000	8343.000000	8285.000000	7833.000000	7875.000000	15167.000000	14851.000000	14152.000000	13944.000000	13548.000000	13466.000000	13410.000000	13461.000000	13579.000000	13678.000000	13697.000000	13642.000000	13589.000000	13693.000000	13790.000000	13753.000000	14069.000000	14174.000000	14343.000000	14326.000000	14973.000000	15077.000000	15306.000000	15307.000000	15262.000000	15197.000000	15160.000000	14331.000000	14289.000000	14263.000000	13815.000000	13799.000000	13785.000000	13771.000000	13760.000000	13771.000000	
2550.000000	1400.000000	1642900.000000	1150.000000	2550.000000	3700.000000	5100.000000	6250.000000	6810.000000	5656.000000	4262.000000	3110.000000	1723.000000	604.000000	881.000000	2016.000000	6795.000000	6629.000000	5649.000000	5375.000000	5455.000000	4257.000000	4101.000000	3119.000000	2925.000000	2849.000000	1755.000000	1640.000000	742.000000	605.000000	589.000000	1020.000000	1252.000000	2092.000000	2363.000000	2276.000000	1554.000000	1381.000000	3795.000000	6317.000000	8462.000000	8004.000000	7001.000000	6715.000000	6278.000000	6254.000000	6544.000000	6793.000000	6893.000000	6977.000000	6799.000000	6374.000000	6476.000000	6492.000000	6838.000000	6943.000000	7147.000000	8118.000000	8214.000000	8544.000000	8518.000000	8429.000000	8336.000000	8286.000000	7151.000000	7117.000000	7061.000000	7029.000000	6536.000000	6577.000000	6575.000000	6569.000000	6878.000000	7043.000000	6991.000000	7065.000000	7591.000000	7286.000000	7150.000000	7242.000000	7591.000000	8051.000000	8783.000000	9497.000000	10052.000000	9310.000000	8534.000000	8023.000000	7592.000000	7420.000000	7446.000000	7666.000000	8021.000000	7972.000000	7938.000000	7725.000000	7688.000000	7664.000000	7693.000000	7856.000000	8178.000000	8181.000000	8268.000000	8761.000000	9362.000000	9388.000000	9516.000000	10237.000000	10234.000000	10069.000000	8809.000000	8712.000000	7967.000000	7962.000000	7896.000000	7994.000000	14563.000000	14304.000000	13766.000000	13625.000000	13413.000000	13403.000000	13539.000000	13663.000000	13776.000000	13871.000000	13847.000000	13782.000000	13524.000000	13626.000000	13680.000000	13633.000000	13749.000000	13854.000000	13984.000000	13957.000000	14428.000000	14533.000000	14730.000000	14721.000000	14704.000000	14651.000000	14619.000000	13993.000000	13964.000000	13945.000000	13726.000000	13725.000000	13719.000000	13955.000000	13929.000000	13963.000000	
3700.000000	2550.000000	1150.000000	1642900.000000	1400.000000	2550.000000	3950.000000	5100.000000	5660.000000	4507.000000	3115.000000	1966.000000	608.000000	650.000000	2010.000000	3160.000000	5649.000000	5487.000000	4506.000000	4232.000000	4311.000000	3119.000000	2973.000000	1995.000000	1804.000000	1732.000000	742.000000	758.000000	816.000000	963.000000	1048.000000	2092.000000	2306.000000	3218.000000	3493.000000	3407.000000	2627.000000	725.000000	2675.000000	5176.000000	7734.000000	7342.000000	6563.000000	6386.000000	6273.000000	6377.000000	6973.000000	7319.000000	7407.000000	7482.000000	7234.000000	6490.000000	6586.000000	6510.000000	6511.000000	6616.000000	6741.000000	7460.000000	7561.000000	7843.000000	7828.000000	7762.000000	7683.000000	7639.000000	6762.000000	6761.000000	6728.000000	6706.000000	6571.000000	6647.000000	6671.000000	6678.000000	7323.000000	7532.000000	7460.000000	7564.000000	8051.000000	7591.000000	7242.000000	7150.000000	7286.000000	7591.000000	8169.000000	8783.000000	9312.000000	8661.000000	8023.000000	7653.000000	7419.000000	7424.000000	7662.000000	8043.000000	8424.000000	8365.000000	8306.000000	7938.000000	7737.000000	7701.000000	7700.000000	7693.000000	7859.000000	7850.000000	7913.000000	8268.000000	8756.000000	8772.000000	8884.000000	9516.000000	9533.000000	9396.000000	8343.000000	8285.000000	7833.000000	7875.000000	8130.000000	8270.000000	14152.000000	13944.000000	13548.000000	13466.000000	13410.000000	13461.000000	13752.000000	13932.000000	14040.000000	14132.000000	14073.000000	14001.000000	13579.000000	13678.000000	13697.000000	13642.000000	13589.000000	13693.000000	13790.000000	13753.000000	14069.000000	14174.000000	14343.000000	14326.000000	14331.000000	14289.000000	14263.000000	13815.000000	13799.000000	13785.000000	13760.000000	13771.000000	13771.000000	14208.000000	14170.000000	14222.000000	
5100.000000	3950.000000	2550.000000	1400.000000	1642900.000000	1150.000000	2550.000000	3700.000000	4262.000000	3110.000000	1723.000000	604.000000	881.000000	2016.000000	3404.000000	4557.000000	4257.000000	4101.000000	3119.000000	2849.000000	2925.000000	1755.000000	1640.000000	742.000000	605.000000	589.000000	1020.000000	1252.000000	2092.000000	2276.000000	2363.000000	3465.000000	3668.000000	4605.000000	4881.000000	4796.000000	3991.000000	1554.000000	1381.000000	3795.000000	7001.000000	6715.000000	6278.000000	6254.000000	6544.000000	6793.000000	7697.000000	8135.000000	8209.000000	8272.000000	7957.000000	6893.000000	6977.000000	6799.000000	6374.000000	6476.000000	6492.000000	6838.000000	6943.000000	7147.000000	7151.000000	7117.000000	7061.000000	7029.000000	6536.000000	6577.000000	6575.000000	6569.000000	6878.000000	6991.000000	7043.000000	7065.000000	8056.000000	8306.000000	8215.000000	8347.000000	8783.000000	8169.000000	7591.000000	7286.000000	7150.000000	7242.000000	7591.000000	8051.000000	8534.000000	8023.000000	7592.000000	7420.000000	7446.000000	7666.000000	8140.000000	8687.000000	9088.000000	9021.000000	8935.000000	8405.000000	8021.000000	7972.000000	7938.000000	7725.000000	7688.000000	7664.000000	7693.000000	7856.000000	8178.000000	8181.000000	8268.000000	8761.000000	8809.000000	8712.000000	7967.000000	7962.000000	7896.000000	7994.000000	8615.000000	8799.000000	13766.000000	13625.000000	13413.000000	13403.000000	13539.000000	13663.000000	14133.000000	14377.000000	14480.000000	14566.000000	14468.000000	14389.000000	13776.000000	13871.000000	13847.000000	13782.000000	13524.000000	13626.000000	13680.000000	13633.000000	13749.000000	13854.000000	13984.000000	13957.000000	13993.000000	13964.000000	13945.000000	13726.000000	13725.000000	13719.000000	13929.000000	13955.000000	13963.000000	14633.000000	14582.000000	14654.000000	
6250.000000	5100.000000	3700.000000	2550.000000	1150.000000	1642900.000000	1400.000000	2550.000000	3115.000000	1966.000000	608.000000	650.000000	2010.000000	3160.000000	4552.000000	5705.000000	3119.000000	2973.000000	1995.000000	1732.000000	1804.000000	742.000000	758.000000	816.000000	963.000000	1048.000000	2092.000000	2306.000000	3218.000000	3407.000000	3493.000000	4605.000000	4803.000000	5749.000000	6026.000000	5941.000000	5127.000000	2627.000000	725.000000	2675.000000	6563.000000	6386.000000	6273.000000	6377.000000	6973.000000	7319.000000	8420.000000	8914.000000	8978.000000	9033.000000	8676.000000	7407.000000	7482.000000	7234.000000	6490.000000	6586.000000	6510.000000	6511.000000	6616.000000	6741.000000	6762.000000	6761.000000	6728.000000	6706.000000	6571.000000	6647.000000	6671.000000	6678.000000	7323.000000	7460.000000	7532.000000	7564.000000	8780.000000	9054.000000	8952.000000	9102.000000	9497.000000	8783.000000	8051.000000	7591.000000	7242.000000	7150.000000	7286.000000	7591.000000	8023.000000	7653.000000	7419.000000	7424.000000	7662.000000	8043.000000	8683.000000	9341.000000	9750.000000	9678.000000	9575.000000	8935.000000	8424.000000	8365.000000	8306.000000	7938.000000	7737.000000	7701.000000	7700.000000	7693.000000	7859.000000	7850.000000	7913.000000	8268.000000	8343.000000	8285.000000	7833.000000	7875.000000	8130.000000	8270.000000	9156.000000	9369.000000	13548.000000	13466.000000	13410.000000	13461.000000	13752.000000	13932.000000	14539.000000	14832.000000	14929.000000	15011.000000	14884.000000	14798.000000	14040.000000	14132.000000	14073.000000	14001.000000	13579.000000	13678.000000	13697.000000	13642.000000	13589.000000	13693.000000	13790.000000	13753.000000	13815.000000	13799.000000	13785.000000	13760.000000	13771.000000	13771.000000	14170.000000	14208.000000	14222.000000	15071.000000	15009.000000	15096.000000	
7650.000000	6500.000000	5100.000000	3950.000000	2550.000000	1400.000000	1642900.000000	1150.000000	1723.000000	604.000000	881.000000	2016.000000	3404.000000	4557.000000	5950.000000	7104.000000	1755.000000	1640.000000	742.000000	589.000000	605.000000	1020.000000	1252.000000	2092.000000	2276.000000	2363.000000	3465.000000	3668.000000	4605.000000	4796.000000	4881.000000	5998.000000	6192.000000	7144.000000	7421.000000	7337.000000	6515.000000	3991.000000	1554.000000	1381.000000	6278.000000	6254.000000	6544.000000	6793.000000	7697.000000	8135.000000	9416.000000	9960.000000	10014.000000	10059.000000	9665.000000	8209.000000	8272.000000	7957.000000	6893.000000	6977.000000	6799.000000	6374.000000	6476.000000	6492.000000	6536.000000	6577.000000	6575.000000	6569.000000	6878.000000	6991.000000	7043.000000	7065.000000	8056.000000	8215.000000	8306.000000	8347.000000	9772.000000	10068.000000	9955.000000	10121.000000	10471.000000	9663.000000	8783.000000	8169.000000	7591.000000	7286.000000	7150.000000	7242.000000	7592.000000	7420.000000	7446.000000	7666.000000	8140.000000	8687.000000	9491.000000	10255.000000	10669.000000	10592.000000	10472.000000	9727.000000	9088.000000	9021.000000	8935.000000	8405.000000	8021.000000	7972.000000	7938.000000	7725.000000	7688.000000	7664.000000	7693.000000	7856.000000	7967.000000	7962.000000	7896.000000	7994.000000	8615.000000	8799.000000	9956.000000	10195.000000	13413.000000	13403.000000	13539.000000	13663.000000	14133.000000	14377.000000	15138.000000	15484.000000	15574.000000	15650.000000	15490.000000	15399.000000	14480.000000	14566.000000	14468.000000	14389.000000	13776.000000	13871.000000	13847.000000	13782.000000	13524.000000	13626.000000	13680.000000	13633.000000	13726.000000	13725.000000	13719.000000	13929.000000	13955.000000	13963.000000	14582.000000	14633.000000	14654.000000	15701.000000	15629.000000	15732.000000	
8800.000000	7650.000000	6250.000000	5100.000000	3700.000000	2550.000000	1150.000000	1642900.000000	608.000000	650.000000	2010.000000	3160.000000	4552.000000	5705.000000	7099.000000	8254.000000	742.000000	758.000000	816.000000	1048.000000	963.000000	2092.000000	2306.000000	3218.000000	3407.000000	3493.000000	4605.000000	4803.000000	5749.000000	5941.000000	6026.000000	7144.000000	7336.000000	8292.000000	8569.000000	8484.000000	7659.000000	5127.000000	2627.000000	725.000000	6273.000000	6377.000000	6973.000000	7319.000000	8420.000000	8914.000000	10305.000000	10879.000000	10925.000000	10964.000000	10547.000000	8978.000000	9033.000000	8676.000000	7407.000000	7482.000000	7234.000000	6490.000000	6586.000000	6510.000000	6571.000000	6647.000000	6671.000000	6678.000000	7323.000000	7460.000000	7532.000000	7564.000000	8780.000000	8952.000000	9054.000000	9102.000000	10656.000000	10965.000000	10845.000000	11022.000000	11339.000000	10471.000000	9497.000000	8783.000000	8051.000000	7591.000000	7242.000000	7150.000000	7419.000000	7424.000000	7662.000000	8043.000000	8683.000000	9341.000000	10250.000000	11083.000000	11497.000000	11417.000000	11286.000000	10472.000000	9750.000000	9678.000000	9575.000000	8935.000000	8424.000000	8365.000000	8306.000000	7938.000000	7737.000000	7701.000000	7700.000000	7693.000000	7833.000000	7875.000000	8130.000000	8270.000000	9156.000000	9369.000000	10705.000000	10962.000000	13410.000000	13461.000000	13752.000000	13932.000000	14539.000000	14832.000000	15706.000000	16090.000000	16175.000000	16246.000000	16062.000000	15967.000000	14929.000000	15011.000000	14884.000000	14798.000000	14040.000000	14132.000000	14073.000000	14001.000000	13579.000000	13678.000000	13697.000000	13642.000000	13760.000000	13771.000000	13771.000000	14170.000000	14208.000000	14222.000000	15009.000000	15071.000000	15096.000000	16290.000000	16210.000000	16326.000000	
9358.000000	8209.000000	6810.000000	5660.000000	4262.000000	3115.000000	1723.000000	608.000000	1642900.000000	1155.000000	2550.000000	3705.000000	5100.000000	6255.000000	7650.000000	8805.000000	279.000000	476.000000	1212.000000	1485.000000	1398.000000	2595.000000	2793.000000	3740.000000	3933.000000	4017.000000	5137.000000	5327.000000	6286.000000	6479.000000	6563.000000	7685.000000	7872.000000	8834.000000	9111.000000	9028.000000	8194.000000	5650.000000	3117.000000	713.000000	6101.000000	6271.000000	7023.000000	7420.000000	8628.000000	9153.000000	10609.000000	11203.000000	11243.000000	11278.000000	10846.000000	9211.000000	9259.000000	8879.000000	7501.000000	7569.000000	7284.000000	6379.000000	6470.000000	6347.000000	6416.000000	6509.000000	6546.000000	6560.000000	7379.000000	7528.000000	7611.000000	7648.000000	8986.000000	9164.000000	9274.000000	9324.000000	10956.000000	11273.000000	11149.000000	11332.000000	11626.000000	10722.000000	9693.000000	8923.000000	8108.000000	7568.000000	7109.000000	6924.000000	7150.000000	7245.000000	7591.000000	8055.000000	8783.000000	9501.000000	10471.000000	11344.000000	11757.000000	11676.000000	11538.000000	10684.000000	9914.000000	9839.000000	9726.000000	9026.000000	8447.000000	8384.000000	8311.000000	7862.000000	7577.000000	7535.000000	7520.000000	7427.000000	7580.000000	7645.000000	8064.000000	8225.000000	9252.000000	9480.000000	10917.000000	11184.000000	13197.000000	13279.000000	13648.000000	13858.000000	14539.000000	14858.000000	15795.000000	16202.000000	16283.000000	16351.000000	16153.000000	16056.000000	14952.000000	15031.000000	14887.000000	14799.000000	13964.000000	14053.000000	13976.000000	13901.000000	13395.000000	13492.000000	13493.000000	13433.000000	13564.000000	13581.000000	13585.000000	14081.000000	14125.000000	14142.000000	15020.000000	15086.000000	15115.000000	16391.000000	16306.000000	16429.000000	
8204.000000	7054.000000	5656.000000	4507.000000	3110.000000	1966.000000	604.000000	650.000000	1155.000000	1642900.000000	1395.000000	2550.000000	3945.000000	5100.000000	6495.000000	7650.000000	1158.000000	1036.000000	276.000000	415.000000	338.000000	1451.000000	1660.000000	2590.000000	2781.000000	2866.000000	3985.000000	4177.000000	5132.000000	5325.000000	5409.000000	6531.000000	6718.000000	7680.000000	7957.000000	7873.000000	7041.000000	4500.000000	1983.000000	785.000000	5999.000000	6038.000000	6497.000000	6804.000000	7838.000000	8315.000000	9678.000000	10246.000000	10293.000000	10333.000000	9921.000000	8382.000000	8439.000000	8095.000000	6897.000000	6976.000000	6756.000000	6156.000000	6255.000000	6225.000000	6277.000000	6336.000000	6347.000000	6347.000000	6841.000000	6969.000000	7033.000000	7061.000000	8198.000000	8365.000000	8464.000000	8510.000000	10030.000000	10336.000000	10218.000000	10392.000000	10717.000000	9865.000000	8918.000000	8238.000000	7564.000000	7170.000000	6922.000000	6926.000000	7241.000000	7150.000000	7283.000000	7591.000000	8164.000000	8783.000000	9658.000000	10471.000000	10886.000000	10807.000000	10679.000000	9885.000000	9189.000000	9119.000000	9022.000000	8422.000000	7962.000000	7908.000000	7859.000000	7561.000000	7440.000000	7410.000000	7425.000000	7510.000000	7634.000000	7651.000000	7743.000000	7864.000000	8640.000000	8841.000000	10116.000000	10368.000000	13149.000000	13169.000000	13383.000000	13537.000000	14083.000000	14356.000000	15184.000000	15554.000000	15641.000000	15714.000000	15539.000000	15446.000000	14455.000000	14539.000000	14424.000000	14341.000000	13648.000000	13741.000000	13699.000000	13630.000000	13289.000000	13389.000000	13426.000000	13375.000000	13480.000000	13485.000000	13482.000000	13789.000000	13821.000000	13832.000000	14545.000000	14602.000000	14625.000000	15761.000000	15684.000000	15795.000000	
6810.000000	5660.000000	4262.000000	3115.000000	1723.000000	608.000000	881.000000	2010.000000	2550.000000	1395.000000	1642900.000000	1155.000000	2550.000000	3705.000000	5100.000000	6255.000000	2535.000000	2379.000000	1398.000000	1130.000000	1204.000000	279.000000	476.000000	1212.000000	1398.000000	1485.000000	2595.000000	2793.000000	3740.000000	3933.000000	4017.000000	5137.000000	5327.000000	6286.000000	6563.000000	6479.000000	5650.000000	3117.000000	713.000000	2076.000000	6174.000000	6051.000000	6101.000000	6271.000000	7023.000000	7420.000000	8628.000000	9153.000000	9211.000000	9259.000000	8879.000000	7501.000000	7569.000000	7284.000000	6379.000000	6470.000000	6347.000000	6174.000000	6279.000000	6365.000000	6394.000000	6409.000000	6387.000000	6371.000000	6416.000000	6509.000000	6546.000000	6560.000000	7379.000000	7528.000000	7611.000000	7648.000000	8986.000000	9274.000000	9164.000000	9324.000000	9693.000000	8923.000000	8108.000000	7568.000000	7109.000000	6924.000000	6954.000000	7185.000000	7591.000000	7287.000000	7150.000000	7245.000000	7591.000000	8055.000000	8783.000000	9501.000000	9914.000000	9839.000000	9726.000000	9026.000000	8447.000000	8384.000000	8311.000000	7862.000000	7577.000000	7535.000000	7520.000000	7427.000000	7516.000000	7502.000000	7552.000000	7843.000000	7930.000000	7890.000000	7580.000000	7645.000000	8064.000000	8225.000000	9252.000000	9480.000000	13231.000000	13176.000000	13197.000000	13279.000000	13648.000000	13858.000000	14539.000000	14858.000000	14952.000000	15031.000000	14887.000000	14799.000000	13964.000000	14053.000000	13976.000000	13901.000000	13395.000000	13492.000000	13493.000000	13433.000000	13298.000000	13402.000000	13482.000000	13442.000000	13516.000000	13505.000000	13494.000000	13564.000000	13581.000000	13585.000000	14081.000000	14125.000000	14142.000000	15086.000000	15020.000000	15115.000000	
5656.000000	4507.000000	3110.000000	1966.000000	604.000000	650.000000	2016.000000	3160.000000	3705.000000	2550.000000	1155.000000	1642900.000000	1395.000000	2550.000000	3945.000000	5100.000000	3685.000000	3521.000000	2540.000000	2266.000000	2345.000000	1158.000000	1036.000000	276.000000	338.000000	415.000000	1451.000000	1660.000000	2590.000000	2781.000000	2866.000000	3985.000000	4177.000000	5132.000000	5409.000000	5325.000000	4500.000000	1983.000000	785.000000	3210.000000	6541.000000	6296.000000	5999.000000	6038.000000	6497.000000	6804.000000	7838.000000	8315.000000	8382.000000	8439.000000	8095.000000	6897.000000	6976.000000	6756.000000	6156.000000	6255.000000	6225.000000	6420.000000	6525.000000	6699.000000	6709.000000	6689.000000	6641.000000	6613.000000	6277.000000	6336.000000	6347.000000	6347.000000	6841.000000	6969.000000	7033.000000	7061.000000	8198.000000	8464.000000	8365.000000	8510.000000	8918.000000	8238.000000	7564.000000	7170.000000	6922.000000	6926.000000	7184.000000	7585.000000	8051.000000	7591.000000	7241.000000	7150.000000	7283.000000	7591.000000	8164.000000	8783.000000	9189.000000	9119.000000	9022.000000	8422.000000	7962.000000	7908.000000	7859.000000	7561.000000	7440.000000	7410.000000	7425.000000	7510.000000	7766.000000	7765.000000	7843.000000	8285.000000	8342.000000	8260.000000	7634.000000	7651.000000	7743.000000	7864.000000	8640.000000	8841.000000	13405.000000	13289.000000	13149.000000	13169.000000	13383.000000	13537.000000	14083.000000	14356.000000	14455.000000	14539.000000	14424.000000	14341.000000	13648.000000	13741.000000	13699.000000	13630.000000	13289.000000	13389.000000	13426.000000	13375.000000	13413.000000	13518.000000	13633.000000	13602.000000	13649.000000	13626.000000	13609.000000	13480.000000	13485.000000	13482.000000	13789.000000	13821.000000	13832.000000	14602.000000	14545.000000	14625.000000	
4262.000000	3115.000000	1723.000000	608.000000	881.000000	2010.000000	3404.000000	4552.000000	5100.000000	3945.000000	2550.000000	1395.000000	1642900.000000	1155.000000	2550.000000	3705.000000	5078.000000	4909.000000	3930.000000	3654.000000	3735.000000	2535.000000	2379.000000	1398.000000	1204.000000	1130.000000	279.000000	476.000000	1212.000000	1398.000000	1485.000000	2595.000000	2793.000000	3740.000000	4017.000000	3933.000000	3117.000000	713.000000	2076.000000	4595.000000	7212.000000	6848.000000	6174.000000	6051.000000	6101.000000	6271.000000	7023.000000	7420.000000	7501.000000	7569.000000	7284.000000	6379.000000	6470.000000	6347.000000	6174.000000	6279.000000	6365.000000	6969.000000	7071.000000	7332.000000	7322.000000	7265.000000	7192.000000	7152.000000	6394.000000	6409.000000	6387.000000	6371.000000	6416.000000	6509.000000	6546.000000	6560.000000	7379.000000	7611.000000	7528.000000	7648.000000	8108.000000	7568.000000	7109.000000	6924.000000	6954.000000	7185.000000	7692.000000	8264.000000	8783.000000	8168.000000	7591.000000	7287.000000	7150.000000	7245.000000	7591.000000	8055.000000	8447.000000	8384.000000	8311.000000	7862.000000	7577.000000	7535.000000	7520.000000	7427.000000	7516.000000	7502.000000	7552.000000	7843.000000	8280.000000	8293.000000	8398.000000	8993.000000	9018.000000	8891.000000	7930.000000	7890.000000	7580.000000	7645.000000	8064.000000	8225.000000	13746.000000	13561.000000	13231.000000	13176.000000	13197.000000	13279.000000	13648.000000	13858.000000	13964.000000	14053.000000	13976.000000	13901.000000	13395.000000	13492.000000	13493.000000	13433.000000	13298.000000	13402.000000	13482.000000	13442.000000	13685.000000	13791.000000	13946.000000	13926.000000	13942.000000	13904.000000	13880.000000	13516.000000	13505.000000	13494.000000	13564.000000	13581.000000	13585.000000	14125.000000	14081.000000	14142.000000	
3110.000000	1966.000000	604.000000	650.000000	2016.000000	3160.000000	4557.000000	5705.000000	6255.000000	5100.000000	3705.000000	2550.000000	1155.000000	1642900.000000	1395.000000	2550.000000	6231.000000	6060.000000	5082.000000	4806.000000	4888.000000	3685.000000	3521.000000	2540.000000	2345.000000	2266.000000	1158.000000	1036.000000	276.000000	338.000000	415.000000	1451.000000	1660.000000	2590.000000	2866.000000	2781.000000	1983.000000	785.000000	3210.000000	5745.000000	7910.000000	7471.000000	6541.000000	6296.000000	5999.000000	6038.000000	6497.000000	6804.000000	6897.000000	6976.000000	6756.000000	6156.000000	6255.000000	6225.000000	6420.000000	6525.000000	6699.000000	7586.000000	7684.000000	8000.000000	7977.000000	7895.000000	7806.000000	7758.000000	6709.000000	6689.000000	6641.000000	6613.000000	6277.000000	6336.000000	6347.000000	6347.000000	6841.000000	7033.000000	6969.000000	7061.000000	7564.000000	7170.000000	6922.000000	6926.000000	7184.000000	7585.000000	8265.000000	8950.000000	9498.000000	8783.000000	8051.000000	7591.000000	7241.000000	7150.000000	7283.000000	7591.000000	7962.000000	7908.000000	7859.000000	7561.000000	7440.000000	7410.000000	7425.000000	7510.000000	7766.000000	7765.000000	7843.000000	8285.000000	8848.000000	8871.000000	8994.000000	9689.000000	9691.000000	9535.000000	8342.000000	8260.000000	7634.000000	7651.000000	7743.000000	7864.000000	14124.000000	13884.000000	13405.000000	13289.000000	13149.000000	13169.000000	13383.000000	13537.000000	13648.000000	13741.000000	13699.000000	13630.000000	13289.000000	13389.000000	13426.000000	13375.000000	13413.000000	13518.000000	13633.000000	13602.000000	14009.000000	14114.000000	14300.000000	14288.000000	14279.000000	14230.000000	14201.000000	13649.000000	13626.000000	13609.000000	13480.000000	13485.000000	13482.000000	13821.000000	13789.000000	13832.000000	
1723.000000	608.000000	881.000000	2010.000000	3404.000000	4552.000000	5950.000000	7099.000000	7650.000000	6495.000000	5100.000000	3945.000000	2550.000000	1395.000000	1642900.000000	1155.000000	7625.000000	7452.000000	6476.000000	6200.000000	6281.000000	5078.000000	4909.000000	3930.000000	3735.000000	3654.000000	2535.000000	2379.000000	1398.000000	1204.000000	1130.000000	279.000000	476.000000	1212.000000	1485.000000	1398.000000	713.000000	2076.000000	4595.000000	7136.000000	8884.000000	8378.000000	7212.000000	6848.000000	6174.000000	6051.000000	6101.000000	6271.000000	6379.000000	6470.000000	6347.000000	6174.000000	6279.000000	6365.000000	6969.000000	7071.000000	7332.000000	8486.000000	8578.000000	8944.000000	8907.000000	8803.000000	8699.000000	8643.000000	7322.000000	7265.000000	7192.000000	7152.000000	6394.000000	6409.000000	6387.000000	6371.000000	6416.000000	6546.000000	6509.000000	6560.000000	7109.000000	6924.000000	6954.000000	7185.000000	7692.000000	8264.000000	9109.000000	9898.000000	10471.000000	9661.000000	8783.000000	8168.000000	7591.000000	7287.000000	7150.000000	7245.000000	7577.000000	7535.000000	7520.000000	7427.000000	7516.000000	7502.000000	7552.000000	7843.000000	8280.000000	8293.000000	8398.000000	8993.000000	9677.000000	9710.000000	9850.000000	10641.000000	10619.000000	10434.000000	9018.000000	8891.000000	7930.000000	7890.000000	7580.000000	7645.000000	14692.000000	14394.000000	13746.000000	13561.000000	13231.000000	13176.000000	13197.000000	13279.000000	13395.000000	13492.000000	13493.000000	13433.000000	13298.000000	13402.000000	13482.000000	13442.000000	13685.000000	13791.000000	13946.000000	13926.000000	14517.000000	14620.000000	14840.000000	14838.000000	14801.000000	14740.000000	14704.000000	13942.000000	13904.000000	13880.000000	13516.000000	13505.000000	13494.000000	13581.000000	13564.000000	13585.000000	
604.000000	650.000000	2016.000000	3160.000000	4557.000000	5705.000000	7104.000000	8254.000000	8805.000000	7650.000000	6255.000000	5100.000000	3705.000000	2550.000000	1155.000000	1642900.000000	8779.000000	8606.000000	7630.000000	7353.000000	7435.000000	6231.000000	6060.000000	5082.000000	4888.000000	4806.000000	3685.000000	3521.000000	2540.000000	2345.000000	2266.000000	1158.000000	1036.000000	276.000000	415.000000	338.000000	785.000000	3210.000000	5745.000000	8289.000000	9766.000000	9219.000000	7910.000000	7471.000000	6541.000000	6296.000000	5999.000000	6038.000000	6156.000000	6255.000000	6225.000000	6420.000000	6525.000000	6699.000000	7586.000000	7684.000000	8000.000000	9321.000000	9408.000000	9805.000000	9760.000000	9640.000000	9527.000000	9467.000000	7977.000000	7895.000000	7806.000000	7758.000000	6709.000000	6689.000000	6641.000000	6613.000000	6277.000000	6347.000000	6336.000000	6347.000000	6922.000000	6926.000000	7184.000000	7585.000000	8265.000000	8950.000000	9901.000000	10755.000000	11341.000000	10471.000000	9498.000000	8783.000000	8051.000000	7591.000000	7241.000000	7150.000000	7440.000000	7410.000000	7425.000000	7510.000000	7766.000000	7765.000000	7843.000000	8285.000000	8848.000000	8871.000000	8994.000000	9689.000000	10453.000000	10492.000000	10643.000000	11495.000000	11457.000000	11252.000000	9691.000000	9535.000000	8342.000000	8260.000000	7634.000000	7651.000000	15241.000000	14898.000000	14124.000000	13884.000000	13405.000000	13289.000000	13149.000000	13169.000000	13289.000000	13389.000000	13426.000000	13375.000000	13413.000000	13518.000000	13633.000000	13602.000000	14009.000000	14114.000000	14300.000000	14288.000000	15019.000000	15122.000000	15366.000000	15371.000000	15313.000000	15243.000000	15203.000000	14279.000000	14230.000000	14201.000000	13649.000000	13626.000000	13609.000000	13485.000000	13480.000000	13482.000000	
9340.000000	8192.000000	6795.000000	5649.000000	4257.000000	3119.000000	1755.000000	742.000000	279.000000	1158.000000	2535.000000	3685.000000	5078.000000	6231.000000	7625.000000	8779.000000	1642900.000000	234.000000	1150.000000	1427.000000	1344.000000	2550.000000	2734.000000	3700.000000	3894.000000	3977.000000	5100.000000	5282.000000	6250.000000	6444.000000	6527.000000	7650.000000	7831.000000	8800.000000	9077.000000	8994.000000	8152.000000	5604.000000	3057.000000	539.000000	5823.000000	5998.000000	6772.000000	7179.000000	8416.000000	8951.000000	10430.000000	11032.000000	11069.000000	11102.000000	10664.000000	9006.000000	9053.000000	8666.000000	7258.000000	7326.000000	7033.000000	6105.000000	6195.000000	6070.000000	6139.000000	6233.000000	6271.000000	6285.000000	7129.000000	7280.000000	7365.000000	7403.000000	8773.000000	8953.000000	9064.000000	9116.000000	10775.000000	11095.000000	10969.000000	11154.000000	11439.000000	10522.000000	9476.000000	8691.000000	7858.000000	7304.000000	6833.000000	6646.000000	6873.000000	6966.000000	7320.000000	7796.000000	8541.000000	9274.000000	10262.000000	11147.000000	11560.000000	11479.000000	11339.000000	10471.000000	9688.000000	9612.000000	9497.000000	8783.000000	8189.000000	8126.000000	8051.000000	7591.000000	7300.000000	7258.000000	7242.000000	7150.000000	7302.000000	7367.000000	7794.000000	7958.000000	9009.000000	9240.000000	10705.000000	10975.000000	12918.000000	13000.000000	13373.000000	13586.000000	14276.000000	14600.000000	15549.000000	15960.000000	16040.000000	16108.000000	15907.000000	15809.000000	14692.000000	14771.000000	14625.000000	14536.000000	13691.000000	13780.000000	13702.000000	13626.000000	13116.000000	13214.000000	13214.000000	13155.000000	13285.000000	13303.000000	13306.000000	13807.000000	13852.000000	13869.000000	14758.000000	14826.000000	14855.000000	16147.000000	16061.000000	16186.000000	
9170.000000	8023.000000	6629.000000	5487.000000	4101.000000	2973.000000	1640.000000	758.000000	476.000000	1036.000000	2379.000000	3521.000000	4909.000000	6060.000000	7452.000000	8606.000000	234.000000	1642900.000000	982.000000	1255.000000	1176.000000	2375.000000	2550.000000	3523.000000	3718.000000	3800.000000	4922.000000	5100.000000	6072.000000	6266.000000	6349.000000	7472.000000	7650.000000	8621.000000	8898.000000	8816.000000	7970.000000	5420.000000	2870.000000	324.000000	5644.000000	5802.000000	6550.000000	6951.000000	8182.000000	8716.000000	10197.000000	10800.000000	10837.000000	10869.000000	10431.000000	8772.000000	8819.000000	8432.000000	7031.000000	7099.000000	6811.000000	5911.000000	6002.000000	5889.000000	5956.000000	6046.000000	6080.000000	6093.000000	6906.000000	7056.000000	7139.000000	7177.000000	8539.000000	8719.000000	8830.000000	8882.000000	10542.000000	10862.000000	10736.000000	10922.000000	11205.000000	10288.000000	9242.000000	8460.000000	7635.000000	7093.000000	6645.000000	6484.000000	6726.000000	6791.000000	7119.000000	7579.000000	8313.000000	9043.000000	10028.000000	10913.000000	11326.000000	11244.000000	11104.000000	10237.000000	9456.000000	9380.000000	9265.000000	8556.000000	7971.000000	7908.000000	7835.000000	7390.000000	7119.000000	7078.000000	7067.000000	7002.000000	7150.000000	7207.000000	7591.000000	7751.000000	8783.000000	9012.000000	10471.000000	10741.000000	12755.000000	12828.000000	13181.000000	13387.000000	14063.000000	14383.000000	15324.000000	15733.000000	15814.000000	15881.000000	15682.000000	15584.000000	14476.000000	14555.000000	14411.000000	14323.000000	13493.000000	13582.000000	13508.000000	13433.000000	12944.000000	13042.000000	13048.000000	12990.000000	13117.000000	13133.000000	13135.000000	13612.000000	13655.000000	13672.000000	14544.000000	14611.000000	14639.000000	15921.000000	15836.000000	15959.000000	
8192.000000	7045.000000	5649.000000	4506.000000	3119.000000	1995.000000	742.000000	816.000000	1212.000000	276.000000	1398.000000	2540.000000	3930.000000	5082.000000	6476.000000	7630.000000	1150.000000	982.000000	1642900.000000	277.000000	195.000000	1400.000000	1587.000000	2550.000000	2744.000000	2827.000000	3950.000000	4133.000000	5100.000000	5294.000000	5377.000000	6500.000000	6682.000000	7650.000000	7927.000000	7844.000000	7003.000000	4454.000000	1910.000000	680.000000	5725.000000	5762.000000	6234.000000	6551.000000	7613.000000	8101.000000	9490.000000	10067.000000	10111.000000	10150.000000	9731.000000	8166.000000	8221.000000	7869.000000	6642.000000	6720.000000	6493.000000	5879.000000	5978.000000	5950.000000	6002.000000	6060.000000	6071.000000	6071.000000	6580.000000	6709.000000	6775.000000	6804.000000	7973.000000	8143.000000	8244.000000	8291.000000	9841.000000	10150.000000	10030.000000	10207.000000	10522.000000	9656.000000	8691.000000	7995.000000	7304.000000	6899.000000	6646.000000	6654.000000	6974.000000	6875.000000	7008.000000	7324.000000	7912.000000	8545.000000	9439.000000	10267.000000	10681.000000	10602.000000	10471.000000	9663.000000	8953.000000	8882.000000	8783.000000	8169.000000	7697.000000	7642.000000	7591.000000	7286.000000	7164.000000	7135.000000	7150.000000	7242.000000	7364.000000	7379.000000	7469.000000	7592.000000	8387.000000	8592.000000	9895.000000	10150.000000	12874.000000	12893.000000	13109.000000	13264.000000	13818.000000	14094.000000	14934.000000	15309.000000	15395.000000	15467.000000	15289.000000	15195.000000	14193.000000	14276.000000	14159.000000	14076.000000	13375.000000	13468.000000	13424.000000	13356.000000	13013.000000	13113.000000	13151.000000	13100.000000	13205.000000	13209.000000	13207.000000	13515.000000	13548.000000	13559.000000	14281.000000	14339.000000	14363.000000	15513.000000	15435.000000	15548.000000	
7916.000000	6769.000000	5375.000000	4232.000000	2849.000000	1732.000000	589.000000	1048.000000	1485.000000	415.000000	1130.000000	2266.000000	3654.000000	4806.000000	6200.000000	7353.000000	1427.000000	1255.000000	277.000000	1642900.000000	87.000000	1123.000000	1311.000000	2273.000000	2467.000000	2550.000000	3673.000000	3856.000000	4823.000000	5017.000000	5100.000000	6223.000000	6405.000000	7373.000000	7650.000000	7567.000000	6726.000000	4177.000000	1634.000000	946.000000	5726.000000	5730.000000	6121.000000	6413.000000	7426.000000	7901.000000	9265.000000	9835.000000	9881.000000	9921.000000	9508.000000	7968.000000	8026.000000	7684.000000	6508.000000	6588.000000	6379.000000	5849.000000	5949.000000	5945.000000	5992.000000	6041.000000	6045.000000	6042.000000	6462.000000	6586.000000	6647.000000	6673.000000	7786.000000	7953.000000	8052.000000	8097.000000	9617.000000	9924.000000	9805.000000	9980.000000	10303.000000	9450.000000	8507.000000	7835.000000	7183.000000	6818.000000	6621.000000	6677.000000	7017.000000	6873.000000	6950.000000	7225.000000	7771.000000	8376.000000	9245.000000	10057.000000	10471.000000	10392.000000	10264.000000	9472.000000	8783.000000	8712.000000	8617.000000	8030.000000	7591.000000	7538.000000	7494.000000	7229.000000	7150.000000	7123.000000	7146.000000	7282.000000	7397.000000	7399.000000	7407.000000	7518.000000	8246.000000	8444.000000	9703.000000	9954.000000	12870.000000	12874.000000	13050.000000	13192.000000	13711.000000	13976.000000	14788.000000	15153.000000	15241.000000	15314.000000	15142.000000	15049.000000	14076.000000	14160.000000	14051.000000	13969.000000	13303.000000	13398.000000	13363.000000	13296.000000	12994.000000	13095.000000	13142.000000	13093.000000	13191.000000	13193.000000	13188.000000	13449.000000	13479.000000	13489.000000	14169.000000	14225.000000	14247.000000	15362.000000	15286.000000	15395.000000	
