144

211716

8210.000000

30294

0	0	0	0	0	0	2	2	2	2	2	2	2	2	2	2	2	2	2	2	2	2	2	2	2	2	2	0	0	0	1	0	0	0	2	2	2	2	2	2	2	2	2	2	2	2	2	2	2	2	2	2	2	2	2	2	2	2	2	2	2	2	2	2	2	2	2	2	2	2	2	2	2	2	2	2	2	2	2	2	2	2	2	2	2	2	2	2	2	2	0	0	0	0	0	0	0	0	0	2	2	0	0	2	2	2	2	2	2	2	1	1	2	1	1	1	1	1	1	1	1	1	1	1	1	1	1	1	1	1	1	1	1	1	1	1	1	0	0	0	1	1	0	0	

5491	5328	5424	5387	5344	5312	0	0	0	0	0	0	0	0	0	0	0	0	0	0	0	0	0	0	0	0	0	4865	4579	4311	5401	5275	5153	5036	0	0	0	0	0	0	0	0	0	0	0	0	0	0	0	0	0	0	0	0	0	0	0	0	0	0	0	0	0	0	0	0	0	0	0	0	0	0	0	0	0	0	0	0	0	0	0	0	0	0	0	0	0	0	0	0	3830	3899	3309	3252	3292	3238	3143	3092	2984	0	0	2637	2630	0	0	0	0	0	0	0	4099	4217	0	4465	4369	5538	5635	5734	5835	5938	5202	5165	5130	5097	5067	5038	5011	4986	4963	4943	4466	4565	4666	4770	5501	5554	5608	5664	5722	5783	5845	5909	5975	6043	

1269200.000000	150.000000	304.000000	403.000000	527.000000	627.000000	4450.000000	4453.000000	4750.000000	4850.000000	4975.000000	5075.000000	6204.000000	6227.000000	5234.000000	5136.000000	4942.000000	4845.000000	4490.000000	4540.000000	4609.000000	1826.000000	1901.000000	1343.000000	1297.000000	1226.000000	1201.000000	600.000000	900.000000	1200.000000	2595.000000	2476.000000	2359.000000	2247.000000	1384.000000	1416.000000	2801.000000	2928.000000	3057.000000	3188.000000	5028.000000	5124.000000	6858.000000	6913.000000	6970.000000	3985.000000	4079.000000	4174.000000	4509.000000	4482.000000	4457.000000	4434.000000	4413.000000	4394.000000	4377.000000	4363.000000	4351.000000	4341.000000	4270.000000	4365.000000	5365.000000	5425.000000	5486.000000	5548.000000	5611.000000	5675.000000	5741.000000	5807.000000	5874.000000	5942.000000	7027.000000	7086.000000	8247.000000	8185.000000	8110.000000	8051.000000	7919.000000	8043.000000	6530.000000	6521.000000	6512.000000	6507.000000	6550.000000	6700.000000	7150.000000	7450.000000	7355.000000	7550.000000	8422.000000	8678.000000	9447.000000	9600.000000	9257.000000	9202.000000	9302.000000	9249.000000	9095.000000	9042.000000	8937.000000	8547.000000	8499.000000	8453.000000	8410.000000	7752.000000	7745.000000	7891.000000	7885.000000	7733.000000	7729.000000	7750.000000	8242.000000	8273.000000	8307.000000	8344.000000	10403.000000	11806.000000	11894.000000	11981.000000	12069.000000	12157.000000	11613.000000	11579.000000	11545.000000	11512.000000	11479.000000	11448.000000	11417.000000	11387.000000	11357.000000	11329.000000	10503.000000	10602.000000	10701.000000	10801.000000	10881.000000	10885.000000	10890.000000	10896.000000	10903.000000	10910.000000	10919.000000	10928.000000	10938.000000	10949.000000	
150.000000	1269200.000000	361.000000	447.000000	562.000000	656.000000	4453.000000	4450.000000	4754.000000	4854.000000	4979.000000	5079.000000	6191.000000	6209.000000	5202.000000	5104.000000	4908.000000	4810.000000	4473.000000	4513.000000	4572.000000	1783.000000	1843.000000	1214.000000	1163.000000	1083.000000	1055.000000	450.000000	750.000000	1050.000000	2510.000000	2386.000000	2265.000000	2148.000000	1241.000000	1277.000000	2723.000000	2853.000000	2985.000000	3119.000000	4990.000000	5088.000000	6776.000000	6830.000000	6885.000000	3843.000000	3937.000000	4032.000000	4365.000000	4337.000000	4311.000000	4287.000000	4266.000000	4246.000000	4229.000000	4214.000000	4202.000000	4192.000000	4127.000000	4222.000000	5245.000000	5306.000000	5369.000000	5432.000000	5496.000000	5562.000000	5629.000000	5696.000000	5765.000000	5834.000000	6941.000000	6998.000000	8129.000000	8067.000000	7990.000000	7930.000000	7795.000000	7919.000000	6381.000000	6372.000000	6363.000000	6357.000000	6400.000000	6550.000000	7000.000000	7300.000000	7209.000000	7404.000000	8295.000000	8549.000000	9334.000000	9485.000000	9132.000000	9076.000000	9175.000000	9121.000000	8968.000000	8915.000000	8807.000000	8405.000000	8356.000000	8310.000000	8266.000000	7603.000000	7595.000000	7741.000000	7735.000000	7583.000000	7579.000000	7600.000000	8095.000000	8127.000000	8161.000000	8199.000000	10255.000000	11675.000000	11762.000000	11850.000000	11937.000000	12025.000000	11473.000000	11438.000000	11404.000000	11370.000000	11337.000000	11305.000000	11274.000000	11243.000000	11214.000000	11185.000000	10354.000000	10453.000000	10552.000000	10652.000000	10732.000000	10736.000000	10740.000000	10746.000000	10753.000000	10761.000000	10769.000000	10779.000000	10789.000000	10801.000000	
304.000000	361.000000	1269200.000000	100.000000	225.000000	325.000000	4150.000000	4155.000000	4450.000000	4550.000000	4675.000000	4775.000000	5911.000000	5936.000000	4954.000000	4857.000000	4664.000000	4567.000000	4201.000000	4257.000000	4334.000000	1566.000000	1659.000000	1274.000000	1250.000000	1226.000000	1226.000000	716.000000	996.000000	1285.000000	2871.000000	2746.000000	2625.000000	2507.000000	1379.000000	1389.000000	2585.000000	2706.000000	2829.000000	2955.000000	4753.000000	4849.000000	6638.000000	6696.000000	6755.000000	3947.000000	4044.000000	4141.000000	4650.000000	4617.000000	4586.000000	4557.000000	4530.000000	4505.000000	4482.000000	4462.000000	4443.000000	4427.000000	4239.000000	4336.000000	5235.000000	5291.000000	5348.000000	5406.000000	5465.000000	5526.000000	5587.000000	5650.000000	5714.000000	5779.000000	6815.000000	6876.000000	8106.000000	8047.000000	7975.000000	7919.000000	7796.000000	7924.000000	6558.000000	6554.000000	6551.000000	6550.000000	6607.000000	6757.000000	7206.000000	7506.000000	7340.000000	7536.000000	8310.000000	8572.000000	9293.000000	9449.000000	9137.000000	9085.000000	9188.000000	9138.000000	8983.000000	8934.000000	8835.000000	8501.000000	8458.000000	8418.000000	8380.000000	7783.000000	7779.000000	7928.000000	7926.000000	7775.000000	7775.000000	7806.000000	8356.000000	8392.000000	8431.000000	8472.000000	10421.000000	11708.000000	11796.000000	11885.000000	11974.000000	12064.000000	11559.000000	11527.000000	11495.000000	11464.000000	11434.000000	11405.000000	11377.000000	11350.000000	11323.000000	11297.000000	10520.000000	10620.000000	10719.000000	10819.000000	10946.000000	10952.000000	10960.000000	10968.000000	10978.000000	10988.000000	10999.000000	11011.000000	11024.000000	11038.000000	
403.000000	447.000000	100.000000	1269200.000000	125.000000	225.000000	4050.000000	4055.000000	4350.000000	4450.000000	4575.000000	4675.000000	5811.000000	5837.000000	4857.000000	4760.000000	4567.000000	4471.000000	4102.000000	4160.000000	4239.000000	1476.000000	1574.000000	1250.000000	1234.000000	1226.000000	1234.000000	763.000000	1031.000000	1312.000000	2955.000000	2829.000000	2706.000000	2585.000000	1375.000000	1379.000000	2507.000000	2625.000000	2746.000000	2871.000000	4658.000000	4753.000000	6556.000000	6615.000000	6675.000000	3924.000000	4021.000000	4119.000000	4685.000000	4650.000000	4617.000000	4586.000000	4557.000000	4530.000000	4505.000000	4482.000000	4462.000000	4443.000000	4217.000000	4315.000000	5181.000000	5235.000000	5291.000000	5348.000000	5406.000000	5465.000000	5526.000000	5587.000000	5650.000000	5714.000000	6736.000000	6798.000000	8047.000000	7990.000000	7919.000000	7863.000000	7744.000000	7872.000000	6554.000000	6551.000000	6550.000000	6551.000000	6612.000000	6762.000000	7211.000000	7511.000000	7321.000000	7518.000000	8261.000000	8524.000000	9230.000000	9387.000000	9085.000000	9034.000000	9138.000000	9089.000000	8934.000000	8885.000000	8789.000000	8472.000000	8431.000000	8392.000000	8356.000000	7779.000000	7776.000000	7926.000000	7925.000000	7775.000000	7776.000000	7810.000000	8380.000000	8418.000000	8458.000000	8501.000000	10412.000000	11662.000000	11751.000000	11840.000000	11929.000000	12019.000000	11527.000000	11495.000000	11464.000000	11434.000000	11405.000000	11377.000000	11350.000000	11323.000000	11297.000000	11272.000000	10511.000000	10611.000000	10711.000000	10810.000000	10952.000000	10960.000000	10968.000000	10978.000000	10988.000000	10999.000000	11011.000000	11024.000000	11038.000000	11053.000000	
527.000000	562.000000	225.000000	125.000000	1269200.000000	100.000000	3925.000000	3930.000000	4225.000000	4325.000000	4450.000000	4550.000000	5687.000000	5714.000000	4736.000000	4640.000000	4447.000000	4351.000000	3978.000000	4038.000000	4119.000000	1365.000000	1471.000000	1231.000000	1225.000000	1237.000000	1255.000000	836.000000	1085.000000	1356.000000	3061.000000	2934.000000	2808.000000	2685.000000	1381.000000	1375.000000	2411.000000	2526.000000	2645.000000	2767.000000	4538.000000	4634.000000	6455.000000	6515.000000	6576.000000	3898.000000	3996.000000	4094.000000	4731.000000	4694.000000	4658.000000	4625.000000	4594.000000	4564.000000	4537.000000	4511.000000	4488.000000	4467.000000	4193.000000	4291.000000	5115.000000	5168.000000	5221.000000	5277.000000	5333.000000	5391.000000	5450.000000	5510.000000	5572.000000	5634.000000	6637.000000	6700.000000	7975.000000	7919.000000	7849.000000	7794.000000	7679.000000	7808.000000	6551.000000	6550.000000	6551.000000	6554.000000	6621.000000	6770.000000	7219.000000	7518.000000	7299.000000	7497.000000	8200.000000	8465.000000	9152.000000	9310.000000	9021.000000	8971.000000	9077.000000	9028.000000	8873.000000	8825.000000	8732.000000	8437.000000	8398.000000	8362.000000	8327.000000	7776.000000	7775.000000	7925.000000	7926.000000	7777.000000	7780.000000	7818.000000	8411.000000	8451.000000	8494.000000	8539.000000	10402.000000	11605.000000	11695.000000	11784.000000	11874.000000	11964.000000	11487.000000	11457.000000	11427.000000	11398.000000	11370.000000	11343.000000	11316.000000	11291.000000	11266.000000	11242.000000	10502.000000	10602.000000	10701.000000	10801.000000	10962.000000	10971.000000	10980.000000	10991.000000	11002.000000	11014.000000	11027.000000	11042.000000	11056.000000	11072.000000	
627.000000	656.000000	325.000000	225.000000	100.000000	1269200.000000	3825.000000	3830.000000	4125.000000	4225.000000	4350.000000	4450.000000	5588.000000	5615.000000	4640.000000	4543.000000	4351.000000	4255.000000	3880.000000	3941.000000	4024.000000	1278.000000	1390.000000	1225.000000	1227.000000	1255.000000	1281.000000	902.000000	1137.000000	1398.000000	3147.000000	3018.000000	2892.000000	2767.000000	1393.000000	1381.000000	2336.000000	2449.000000	2565.000000	2685.000000	4443.000000	4538.000000	6375.000000	6435.000000	6497.000000	3880.000000	3978.000000	4077.000000	4770.000000	4731.000000	4694.000000	4658.000000	4625.000000	4594.000000	4564.000000	4537.000000	4511.000000	4488.000000	4176.000000	4275.000000	5064.000000	5115.000000	5168.000000	5221.000000	5277.000000	5333.000000	5391.000000	5450.000000	5510.000000	5572.000000	6559.000000	6623.000000	7919.000000	7863.000000	7794.000000	7741.000000	7628.000000	7758.000000	6550.000000	6551.000000	6554.000000	6558.000000	6630.000000	6779.000000	7227.000000	7526.000000	7284.000000	7481.000000	8153.000000	8419.000000	9091.000000	9250.000000	8971.000000	8921.000000	9028.000000	8981.000000	8825.000000	8778.000000	8687.000000	8411.000000	8374.000000	8339.000000	8306.000000	7775.000000	7775.000000	7926.000000	7928.000000	7780.000000	7784.000000	7825.000000	8437.000000	8479.000000	8523.000000	8570.000000	10395.000000	11561.000000	11651.000000	11741.000000	11831.000000	11921.000000	11457.000000	11427.000000	11398.000000	11370.000000	11343.000000	11316.000000	11291.000000	11266.000000	11242.000000	11219.000000	10495.000000	10595.000000	10695.000000	10795.000000	10971.000000	10980.000000	10991.000000	11002.000000	11014.000000	11027.000000	11042.000000	11056.000000	11072.000000	11089.000000	
4450.000000	4453.000000	4150.000000	4050.000000	3925.000000	3825.000000	1269200.000000	150.000000	304.000000	403.000000	527.000000	627.000000	1826.000000	1901.000000	1343.000000	1297.000000	1226.000000	1201.000000	600.000000	900.000000	1200.000000	2790.000000	2840.000000	3978.000000	4073.000000	4265.000000	4361.000000	4490.000000	4540.000000	4609.000000	6725.000000	6579.000000	6433.000000	6288.000000	4261.000000	4166.000000	2595.000000	2476.000000	2359.000000	2247.000000	1384.000000	1416.000000	3985.000000	4079.000000	4174.000000	4933.000000	5010.000000	5087.000000	7175.000000	7096.000000	7016.000000	6938.000000	6860.000000	6783.000000	6706.000000	6630.000000	6554.000000	6480.000000	5166.000000	5245.000000	4509.000000	4482.000000	4457.000000	4434.000000	4413.000000	4394.000000	4377.000000	4363.000000	4351.000000	4341.000000	4270.000000	4365.000000	6530.000000	6521.000000	6512.000000	6507.000000	6550.000000	6700.000000	7542.000000	7593.000000	7658.000000	7712.000000	7919.000000	8043.000000	8422.000000	8678.000000	7652.000000	7839.000000	7150.000000	7450.000000	7355.000000	7550.000000	7752.000000	7745.000000	7891.000000	7885.000000	7733.000000	7729.000000	7750.000000	8242.000000	8273.000000	8307.000000	8344.000000	8609.000000	8654.000000	8810.000000	8855.000000	8746.000000	8793.000000	8937.000000	10120.000000	10211.000000	10304.000000	10398.000000	10802.000000	10403.000000	10503.000000	10602.000000	10701.000000	10801.000000	10881.000000	10885.000000	10890.000000	10896.000000	10903.000000	10910.000000	10919.000000	10928.000000	10938.000000	10949.000000	10898.000000	10993.000000	11089.000000	11185.000000	11897.000000	11938.000000	11980.000000	12022.000000	12065.000000	12109.000000	12153.000000	12198.000000	12244.000000	12290.000000	
4453.000000	4450.000000	4155.000000	4055.000000	3930.000000	3830.000000	150.000000	1269200.000000	361.000000	447.000000	562.000000	656.000000	1783.000000	1843.000000	1214.000000	1163.000000	1083.000000	1055.000000	450.000000	750.000000	1050.000000	2762.000000	2801.000000	3936.000000	4032.000000	4226.000000	4323.000000	4473.000000	4513.000000	4572.000000	6693.000000	6546.000000	6399.000000	6253.000000	4217.000000	4121.000000	2510.000000	2386.000000	2265.000000	2148.000000	1241.000000	1277.000000	3843.000000	3937.000000	4032.000000	4819.000000	4895.000000	4971.000000	7086.000000	7005.000000	6925.000000	6846.000000	6767.000000	6688.000000	6610.000000	6533.000000	6456.000000	6381.000000	5048.000000	5127.000000	4365.000000	4337.000000	4311.000000	4287.000000	4266.000000	4246.000000	4229.000000	4214.000000	4202.000000	4192.000000	4127.000000	4222.000000	6381.000000	6372.000000	6363.000000	6357.000000	6400.000000	6550.000000	7413.000000	7465.000000	7532.000000	7586.000000	7795.000000	7919.000000	8295.000000	8549.000000	7512.000000	7698.000000	7000.000000	7300.000000	7209.000000	7404.000000	7603.000000	7595.000000	7741.000000	7735.000000	7583.000000	7579.000000	7600.000000	8095.000000	8127.000000	8161.000000	8199.000000	8475.000000	8520.000000	8676.000000	8722.000000	8613.000000	8661.000000	8807.000000	10001.000000	10093.000000	10187.000000	10281.000000	10659.000000	10255.000000	10354.000000	10453.000000	10552.000000	10652.000000	10732.000000	10736.000000	10740.000000	10746.000000	10753.000000	10761.000000	10769.000000	10779.000000	10789.000000	10801.000000	10754.000000	10850.000000	10946.000000	11041.000000	11760.000000	11802.000000	11844.000000	11887.000000	11930.000000	11974.000000	12019.000000	12064.000000	12111.000000	12157.000000	
4750.000000	4754.000000	4450.000000	4350.000000	4225.000000	4125.000000	304.000000	361.000000	1269200.000000	100.000000	225.000000	325.000000	1566.000000	1659.000000	1274.000000	1250.000000	1226.000000	1226.000000	716.000000	996.000000	1285.000000	3094.000000	3142.000000	4279.000000	4375.000000	4567.000000	4664.000000	4794.000000	4844.000000	4912.000000	7029.000000	6883.000000	6737.000000	6591.000000	4562.000000	4467.000000	2871.000000	2746.000000	2625.000000	2507.000000	1379.000000	1389.000000	3947.000000	4044.000000	4141.000000	5168.000000	5242.000000	5318.000000	7446.000000	7365.000000	7285.000000	7205.000000	7126.000000	7047.000000	6969.000000	6892.000000	6815.000000	6738.000000	5394.000000	5470.000000	4650.000000	4617.000000	4586.000000	4557.000000	4530.000000	4505.000000	4482.000000	4462.000000	4443.000000	4427.000000	4239.000000	4336.000000	6558.000000	6554.000000	6551.000000	6550.000000	6607.000000	6757.000000	7741.000000	7794.000000	7863.000000	7919.000000	8132.000000	8254.000000	8626.000000	8878.000000	7810.000000	7994.000000	7206.000000	7506.000000	7340.000000	7536.000000	7783.000000	7779.000000	7928.000000	7926.000000	7775.000000	7775.000000	7806.000000	8356.000000	8392.000000	8431.000000	8472.000000	8790.000000	8837.000000	8993.000000	9040.000000	8934.000000	8983.000000	9132.000000	10343.000000	10436.000000	10531.000000	10627.000000	10941.000000	10421.000000	10520.000000	10620.000000	10719.000000	10819.000000	10946.000000	10952.000000	10960.000000	10968.000000	10978.000000	10988.000000	10999.000000	11011.000000	11024.000000	11038.000000	11036.000000	11131.000000	11226.000000	11321.000000	12067.000000	12110.000000	12154.000000	12198.000000	12243.000000	12288.000000	12334.000000	12381.000000	12428.000000	12476.000000	
4850.000000	4854.000000	4550.000000	4450.000000	4325.000000	4225.000000	403.000000	447.000000	100.000000	1269200.000000	125.000000	225.000000	1476.000000	1574.000000	1250.000000	1234.000000	1226.000000	1234.000000	763.000000	1031.000000	1312.000000	3192.000000	3239.000000	4375.000000	4471.000000	4664.000000	4760.000000	4893.000000	4942.000000	5008.000000	7126.000000	6980.000000	6834.000000	6688.000000	4658.000000	4562.000000	2955.000000	2829.000000	2706.000000	2585.000000	1375.000000	1379.000000	3924.000000	4021.000000	4119.000000	5236.000000	5309.000000	5383.000000	7527.000000	7446.000000	7365.000000	7285.000000	7205.000000	7126.000000	7047.000000	6969.000000	6892.000000	6815.000000	5459.000000	5535.000000	4685.000000	4650.000000	4617.000000	4586.000000	4557.000000	4530.000000	4505.000000	4482.000000	4462.000000	4443.000000	4217.000000	4315.000000	6554.000000	6551.000000	6550.000000	6551.000000	6612.000000	6762.000000	7794.000000	7849.000000	7919.000000	7975.000000	8190.000000	8312.000000	8681.000000	8932.000000	7849.000000	8033.000000	7211.000000	7511.000000	7321.000000	7518.000000	7779.000000	7776.000000	7926.000000	7925.000000	7775.000000	7776.000000	7810.000000	8380.000000	8418.000000	8458.000000	8501.000000	8837.000000	8885.000000	9040.000000	9089.000000	8983.000000	9034.000000	9185.000000	10405.000000	10499.000000	10595.000000	10692.000000	10974.000000	10412.000000	10511.000000	10611.000000	10711.000000	10810.000000	10952.000000	10960.000000	10968.000000	10978.000000	10988.000000	10999.000000	11011.000000	11024.000000	11038.000000	11053.000000	11068.000000	11163.000000	11258.000000	11353.000000	12110.000000	12154.000000	12198.000000	12243.000000	12288.000000	12334.000000	12381.000000	12428.000000	12476.000000	12525.000000	
4975.000000	4979.000000	4675.000000	4575.000000	4450.000000	4350.000000	527.000000	562.000000	225.000000	125.000000	1269200.000000	100.000000	1365.000000	1471.000000	1231.000000	1225.000000	1237.000000	1255.000000	836.000000	1085.000000	1356.000000	3314.000000	3359.000000	4495.000000	4591.000000	4784.000000	4881.000000	5017.000000	5065.000000	5130.000000	7248.000000	7102.000000	6956.000000	6810.000000	4777.000000	4681.000000	3061.000000	2934.000000	2808.000000	2685.000000	1381.000000	1375.000000	3898.000000	3996.000000	4094.000000	5322.000000	5394.000000	5467.000000	7629.000000	7547.000000	7466.000000	7385.000000	7305.000000	7225.000000	7146.000000	7067.000000	6989.000000	6911.000000	5541.000000	5616.000000	4731.000000	4694.000000	4658.000000	4625.000000	4594.000000	4564.000000	4537.000000	4511.000000	4488.000000	4467.000000	4193.000000	4291.000000	6551.000000	6550.000000	6551.000000	6554.000000	6621.000000	6770.000000	7863.000000	7919.000000	7990.000000	8047.000000	8265.000000	8385.000000	8752.000000	9000.000000	7900.000000	8082.000000	7219.000000	7518.000000	7299.000000	7497.000000	7776.000000	7775.000000	7925.000000	7926.000000	7777.000000	7780.000000	7818.000000	8411.000000	8451.000000	8494.000000	8539.000000	8897.000000	8946.000000	9101.000000	9151.000000	9047.000000	9098.000000	9252.000000	10484.000000	10579.000000	10676.000000	10774.000000	11015.000000	10402.000000	10502.000000	10602.000000	10701.000000	10801.000000	10962.000000	10971.000000	10980.000000	10991.000000	11002.000000	11014.000000	11027.000000	11042.000000	11056.000000	11072.000000	11109.000000	11204.000000	11298.000000	11393.000000	12165.000000	12209.000000	12254.000000	12300.000000	12346.000000	12393.000000	12440.000000	12488.000000	12537.000000	12586.000000	
5075.000000	5079.000000	4775.000000	4675.000000	4550.000000	4450.000000	627.000000	656.000000	325.000000	225.000000	100.000000	1269200.000000	1278.000000	1390.000000	1225.000000	1227.000000	1255.000000	1281.000000	902.000000	1137.000000	1398.000000	3412.000000	3456.000000	4591.000000	4688.000000	4881.000000	4978.000000	5116.000000	5163.000000	5227.000000	7346.000000	7199.000000	7053.000000	6907.000000	4873.000000	4777.000000	3147.000000	3018.000000	2892.000000	2767.000000	1393.000000	1381.000000	3880.000000	3978.000000	4077.000000	5392.000000	5463.000000	5535.000000	7711.000000	7629.000000	7547.000000	7466.000000	7385.000000	7305.000000	7225.000000	7146.000000	7067.000000	6989.000000	5609.000000	5682.000000	4770.000000	4731.000000	4694.000000	4658.000000	4625.000000	4594.000000	4564.000000	4537.000000	4511.000000	4488.000000	4176.000000	4275.000000	6550.000000	6551.000000	6554.000000	6558.000000	6630.000000	6779.000000	7919.000000	7975.000000	8047.000000	8106.000000	8326.000000	8445.000000	8809.000000	9056.000000	7941.000000	8123.000000	7227.000000	7526.000000	7284.000000	7481.000000	7775.000000	7775.000000	7926.000000	7928.000000	7780.000000	7784.000000	7825.000000	8437.000000	8479.000000	8523.000000	8570.000000	8946.000000	8996.000000	9151.000000	9201.000000	9098.000000	9150.000000	9306.000000	10547.000000	10643.000000	10741.000000	10840.000000	11049.000000	10395.000000	10495.000000	10595.000000	10695.000000	10795.000000	10971.000000	10980.000000	10991.000000	11002.000000	11014.000000	11027.000000	11042.000000	11056.000000	11072.000000	11089.000000	11143.000000	11237.000000	11331.000000	11425.000000	12209.000000	12254.000000	12300.000000	12346.000000	12393.000000	12440.000000	12488.000000	12537.000000	12586.000000	12636.000000	
6204.000000	6191.000000	5911.000000	5811.000000	5687.000000	5588.000000	1826.000000	1783.000000	1566.000000	1476.000000	1365.000000	1278.000000	1269200.000000	200.000000	1219.000000	1308.000000	1490.000000	1583.000000	1725.000000	1751.000000	1826.000000	4450.000000	4454.000000	5555.000000	5654.000000	5853.000000	5953.000000	6175.000000	6182.000000	6204.000000	8327.000000	8177.000000	8028.000000	7879.000000	5820.000000	5721.000000	3935.000000	3790.000000	3644.000000	3499.000000	1510.000000	1423.000000	3207.000000	3306.000000	3405.000000	5839.000000	5894.000000	5950.000000	8329.000000	8240.000000	8151.000000	8062.000000	7974.000000	7885.000000	7797.000000	7710.000000	7622.000000	7535.000000	6007.000000	6066.000000	4783.000000	4721.000000	4660.000000	4601.000000	4543.000000	4486.000000	4431.000000	4378.000000	4326.000000	4276.000000	3504.000000	3603.000000	6002.000000	6021.000000	6047.000000	6070.000000	6195.000000	6339.000000	8100.000000	8169.000000	8256.000000	8326.000000	8575.000000	8680.000000	9002.000000	9222.000000	7919.000000	8085.000000	6773.000000	7064.000000	6550.000000	6750.000000	7206.000000	7221.000000	7377.000000	7395.000000	7256.000000	7276.000000	7355.000000	8202.000000	8264.000000	8330.000000	8397.000000	9016.000000	9078.000000	9227.000000	9289.000000	9203.000000	9267.000000	9447.000000	10822.000000	10931.000000	11040.000000	11151.000000	10890.000000	9735.000000	9835.000000	9935.000000	10035.000000	10135.000000	10487.000000	10508.000000	10529.000000	10552.000000	10575.000000	10599.000000	10624.000000	10650.000000	10676.000000	10704.000000	10979.000000	11069.000000	11158.000000	11248.000000	12185.000000	12239.000000	12294.000000	12349.000000	12405.000000	12461.000000	12518.000000	12575.000000	12633.000000	12692.000000	
6227.000000	6209.000000	5936.000000	5837.000000	5714.000000	5615.000000	1901.000000	1843.000000	1659.000000	1574.000000	1471.000000	1390.000000	200.000000	1269200.000000	1139.000000	1233.000000	1425.000000	1522.000000	1737.000000	1728.000000	1771.000000	4454.000000	4450.000000	5538.000000	5637.000000	5837.000000	5937.000000	6178.000000	6176.000000	6188.000000	8307.000000	8157.000000	8008.000000	7859.000000	5799.000000	5699.000000	3893.000000	3746.000000	3599.000000	3452.000000	1425.000000	1333.000000	3009.000000	3108.000000	3207.000000	5732.000000	5785.000000	5839.000000	8242.000000	8152.000000	8062.000000	7972.000000	7882.000000	7793.000000	7704.000000	7615.000000	7526.000000	7438.000000	5894.000000	5950.000000	4629.000000	4565.000000	4502.000000	4440.000000	4380.000000	4322.000000	4264.000000	4209.000000	4155.000000	4103.000000	3306.000000	3405.000000	5805.000000	5825.000000	5852.000000	5875.000000	6003.000000	6147.000000	7956.000000	8026.000000	8114.000000	8186.000000	8438.000000	8541.000000	8857.000000	9075.000000	7754.000000	7919.000000	6580.000000	6870.000000	6350.000000	6550.000000	7008.000000	7024.000000	7180.000000	7198.000000	7060.000000	7080.000000	7161.000000	8020.000000	8084.000000	8151.000000	8219.000000	8859.000000	8922.000000	9070.000000	9133.000000	9049.000000	9114.000000	9297.000000	10684.000000	10795.000000	10906.000000	11018.000000	10711.000000	9536.000000	9636.000000	9735.000000	9835.000000	9935.000000	10292.000000	10312.000000	10334.000000	10357.000000	10381.000000	10405.000000	10431.000000	10457.000000	10484.000000	10512.000000	10800.000000	10890.000000	10979.000000	11069.000000	12017.000000	12072.000000	12127.000000	12183.000000	12240.000000	12297.000000	12354.000000	12412.000000	12471.000000	12530.000000	
5234.000000	5202.000000	4954.000000	4857.000000	4736.000000	4640.000000	1343.000000	1214.000000	1274.000000	1250.000000	1231.000000	1225.000000	1219.000000	1139.000000	1269200.000000	100.000000	300.000000	400.000000	868.000000	706.000000	650.000000	3424.000000	3396.000000	4450.000000	4550.000000	4750.000000	4850.000000	5132.000000	5107.000000	5100.000000	7209.000000	7059.000000	6909.000000	6759.000000	4702.000000	4602.000000	2772.000000	2623.000000	2475.000000	2326.000000	292.000000	212.000000	2674.000000	2771.000000	2869.000000	4625.000000	4682.000000	4740.000000	7111.000000	7021.000000	6932.000000	6843.000000	6754.000000	6666.000000	6578.000000	6491.000000	6403.000000	6316.000000	4800.000000	4861.000000	3692.000000	3640.000000	3591.000000	3544.000000	3500.000000	3457.000000	3417.000000	3380.000000	3345.000000	3313.000000	2967.000000	3064.000000	5325.000000	5326.000000	5331.000000	5336.000000	5414.000000	5563.000000	6956.000000	7020.000000	7103.000000	7169.000000	7409.000000	7519.000000	7856.000000	8086.000000	6862.000000	7037.000000	6010.000000	6309.000000	6071.000000	6268.000000	6550.000000	6551.000000	6702.000000	6705.000000	6557.000000	6562.000000	6607.000000	7273.000000	7322.000000	7374.000000	7428.000000	7919.000000	7975.000000	8127.000000	8184.000000	8091.000000	8150.000000	8321.000000	9653.000000	9758.000000	9865.000000	9972.000000	9917.000000	9171.000000	9271.000000	9371.000000	9471.000000	9570.000000	9754.000000	9765.000000	9777.000000	9790.000000	9804.000000	9819.000000	9835.000000	9852.000000	9870.000000	9889.000000	10010.000000	10102.000000	10195.000000	10288.000000	11138.000000	11188.000000	11238.000000	11289.000000	11340.000000	11393.000000	11445.000000	11499.000000	11553.000000	11607.000000	
5136.000000	5104.000000	4857.000000	4760.000000	4640.000000	4543.000000	1297.000000	1163.000000	1250.000000	1234.000000	1225.000000	1227.000000	1308.000000	1233.000000	100.000000	1269200.000000	200.000000	300.000000	796.000000	615.000000	551.000000	3325.000000	3296.000000	4350.000000	4450.000000	4650.000000	4750.000000	5033.000000	5008.000000	5000.000000	7109.000000	6959.000000	6809.000000	6659.000000	4602.000000	4502.000000	2673.000000	2524.000000	2376.000000	2228.000000	212.000000	158.000000	2699.000000	2796.000000	2892.000000	4543.000000	4601.000000	4660.000000	7021.000000	6932.000000	6843.000000	6754.000000	6666.000000	6578.000000	6491.000000	6403.000000	6316.000000	6230.000000	4721.000000	4783.000000	3640.000000	3591.000000	3544.000000	3500.000000	3457.000000	3417.000000	3380.000000	3345.000000	3313.000000	3283.000000	2989.000000	3086.000000	5326.000000	5325.000000	5327.000000	5331.000000	5403.000000	5552.000000	6892.000000	6956.000000	7037.000000	7103.000000	7341.000000	7452.000000	7791.000000	8023.000000	6814.000000	6990.000000	6000.000000	6299.000000	6089.000000	6286.000000	6551.000000	6550.000000	6700.000000	6702.000000	6553.000000	6557.000000	6598.000000	7242.000000	7289.000000	7339.000000	7391.000000	7863.000000	7919.000000	8071.000000	8127.000000	8033.000000	8091.000000	8260.000000	9583.000000	9688.000000	9793.000000	9901.000000	9879.000000	9179.000000	9278.000000	9378.000000	9478.000000	9577.000000	9744.000000	9754.000000	9765.000000	9777.000000	9790.000000	9804.000000	9819.000000	9835.000000	9852.000000	9870.000000	9972.000000	10065.000000	10158.000000	10251.000000	11090.000000	11138.000000	11188.000000	11238.000000	11289.000000	11340.000000	11393.000000	11445.000000	11499.000000	11553.000000	
4942.000000	4908.000000	4664.000000	4567.000000	4447.000000	4351.000000	1226.000000	1083.000000	1226.000000	1226.000000	1237.000000	1255.000000	1490.000000	1425.000000	300.000000	200.000000	1269200.000000	100.000000	673.000000	445.000000	351.000000	3128.000000	3098.000000	4150.000000	4250.000000	4450.000000	4550.000000	4834.000000	4808.000000	4800.000000	6909.000000	6759.000000	6609.000000	6459.000000	4403.000000	4303.000000	2475.000000	2326.000000	2178.000000	2030.000000	158.000000	212.000000	2760.000000	2854.000000	2949.000000	4380.000000	4440.000000	4502.000000	6843.000000	6754.000000	6666.000000	6578.000000	6491.000000	6403.000000	6316.000000	6230.000000	6144.000000	6058.000000	4565.000000	4629.000000	3544.000000	3500.000000	3457.000000	3417.000000	3380.000000	3345.000000	3313.000000	3283.000000	3256.000000	3232.000000	3044.000000	3139.000000	5332.000000	5328.000000	5325.000000	5325.000000	5386.000000	5536.000000	6767.000000	6829.000000	6908.000000	6972.000000	7206.000000	7319.000000	7664.000000	7900.000000	6720.000000	6898.000000	5985.000000	6285.000000	6131.000000	6326.000000	6557.000000	6553.000000	6702.000000	6700.000000	6550.000000	6551.000000	6584.000000	7184.000000	7227.000000	7273.000000	7322.000000	7754.000000	7808.000000	7961.000000	8016.000000	7919.000000	7975.000000	8141.000000	9445.000000	9548.000000	9653.000000	9758.000000	9806.000000	9197.000000	9296.000000	9396.000000	9495.000000	9595.000000	9727.000000	9735.000000	9744.000000	9754.000000	9765.000000	9777.000000	9790.000000	9804.000000	9819.000000	9835.000000	9899.000000	9992.000000	10086.000000	10180.000000	10994.000000	11042.000000	11090.000000	11138.000000	11188.000000	11238.000000	11289.000000	11340.000000	11393.000000	11445.000000	
4845.000000	4810.000000	4567.000000	4471.000000	4351.000000	4255.000000	1201.000000	1055.000000	1226.000000	1234.000000	1255.000000	1281.000000	1583.000000	1522.000000	400.000000	300.000000	100.000000	1269200.000000	627.000000	372.000000	251.000000	3030.000000	2999.000000	4050.000000	4150.000000	4350.000000	4450.000000	4735.000000	4708.000000	4700.000000	6809.000000	6659.000000	6509.000000	6360.000000	4303.000000	4203.000000	2376.000000	2228.000000	2080.000000	1932.000000	212.000000	292.000000	2795.000000	2888.000000	2982.000000	4300.000000	4361.000000	4424.000000	6754.000000	6666.000000	6578.000000	6491.000000	6403.000000	6316.000000	6230.000000	6144.000000	6058.000000	5973.000000	4488.000000	4553.000000	3500.000000	3457.000000	3417.000000	3380.000000	3345.000000	3313.000000	3283.000000	3256.000000	3232.000000	3211.000000	3076.000000	3170.000000	5338.000000	5332.000000	5327.000000	5325.000000	5381.000000	5531.000000	6705.000000	6767.000000	6844.000000	6908.000000	7140.000000	7254.000000	7602.000000	7840.000000	6675.000000	6854.000000	5980.000000	6280.000000	6154.000000	6349.000000	6562.000000	6557.000000	6705.000000	6702.000000	6551.000000	6550.000000	6580.000000	7157.000000	7198.000000	7242.000000	7289.000000	7701.000000	7754.000000	7908.000000	7961.000000	7863.000000	7919.000000	8082.000000	9377.000000	9479.000000	9583.000000	9688.000000	9770.000000	9207.000000	9307.000000	9406.000000	9505.000000	9605.000000	9720.000000	9727.000000	9735.000000	9744.000000	9754.000000	9765.000000	9777.000000	9790.000000	9804.000000	9819.000000	9864.000000	9958.000000	10052.000000	10146.000000	10947.000000	10994.000000	11042.000000	11090.000000	11138.000000	11188.000000	11238.000000	11289.000000	11340.000000	11393.000000	
4490.000000	4473.000000	4201.000000	4102.000000	3978.000000	3880.000000	600.000000	450.000000	716.000000	763.000000	836.000000	902.000000	1725.000000	1737.000000	868.000000	796.000000	673.000000	627.000000	1269200.000000	300.000000	600.000000	2725.000000	2732.000000	3843.000000	3942.000000	4140.000000	4239.000000	4450.000000	4460.000000	4490.000000	6615.000000	6467.000000	6318.000000	6170.000000	4114.000000	4016.000000	2295.000000	2158.000000	2024.000000	1892.000000	828.000000	881.000000	3421.000000	3514.000000	3608.000000	4490.000000	4561.000000	4634.000000	6830.000000	6747.000000	6663.000000	6581.000000	6499.000000	6417.000000	6336.000000	6255.000000	6175.000000	6096.000000	4707.000000	4781.000000	3937.000000	3906.000000	3877.000000	3850.000000	3826.000000	3805.000000	3786.000000	3769.000000	3755.000000	3744.000000	3702.000000	3796.000000	5933.000000	5923.000000	5914.000000	5908.000000	5950.000000	6100.000000	7031.000000	7086.000000	7156.000000	7213.000000	7430.000000	7551.000000	7919.000000	8169.000000	7094.000000	7279.000000	6550.000000	6850.000000	6773.000000	6967.000000	7155.000000	7146.000000	7292.000000	7286.000000	7134.000000	7129.000000	7150.000000	7655.000000	7689.000000	7725.000000	7764.000000	8075.000000	8123.000000	8278.000000	8326.000000	8220.000000	8271.000000	8422.000000	9648.000000	9744.000000	9841.000000	9939.000000	10230.000000	9808.000000	9907.000000	10007.000000	10106.000000	10205.000000	10282.000000	10286.000000	10291.000000	10297.000000	10304.000000	10312.000000	10321.000000	10331.000000	10342.000000	10354.000000	10325.000000	10420.000000	10516.000000	10611.000000	11351.000000	11394.000000	11438.000000	11482.000000	11527.000000	11573.000000	11619.000000	11666.000000	11714.000000	11762.000000	
4540.000000	4513.000000	4257.000000	4160.000000	4038.000000	3941.000000	900.000000	750.000000	996.000000	1031.000000	1085.000000	1137.000000	1751.000000	1728.000000	706.000000	615.000000	445.000000	372.000000	300.000000	1269200.000000	300.000000	2741.000000	2727.000000	3810.000000	3910.000000	4109.000000	4209.000000	4460.000000	4450.000000	4460.000000	6580.000000	6430.000000	6281.000000	6132.000000	4072.000000	3973.000000	2191.000000	2048.000000	1905.000000	1764.000000	584.000000	656.000000	3145.000000	3237.000000	3329.000000	4283.000000	4351.000000	4420.000000	6671.000000	6586.000000	6500.000000	6416.000000	6331.000000	6247.000000	6164.000000	6081.000000	5999.000000	5917.000000	4490.000000	4561.000000	3655.000000	3621.000000	3590.000000	3561.000000	3535.000000	3512.000000	3491.000000	3473.000000	3458.000000	3445.000000	3421.000000	3514.000000	5635.000000	5625.000000	5614.000000	5608.000000	5650.000000	5800.000000	6782.000000	6839.000000	6911.000000	6970.000000	7192.000000	7310.000000	7672.000000	7919.000000	6818.000000	7002.000000	6250.000000	6550.000000	6484.000000	6677.000000	6856.000000	6847.000000	6993.000000	6986.000000	6834.000000	6830.000000	6850.000000	7362.000000	7397.000000	7435.000000	7476.000000	7812.000000	7861.000000	8016.000000	8066.000000	7962.000000	8014.000000	8169.000000	9418.000000	9515.000000	9615.000000	9715.000000	9945.000000	9511.000000	9610.000000	9709.000000	9808.000000	9907.000000	9982.000000	9986.000000	9992.000000	9998.000000	10005.000000	10013.000000	10023.000000	10033.000000	10044.000000	10056.000000	10040.000000	10135.000000	10230.000000	10325.000000	11081.000000	11125.000000	11169.000000	11215.000000	11261.000000	11307.000000	11355.000000	11403.000000	11452.000000	11501.000000	
4609.000000	4572.000000	4334.000000	4239.000000	4119.000000	4024.000000	1200.000000	1050.000000	1285.000000	1312.000000	1356.000000	1398.000000	1826.000000	1771.000000	650.000000	551.000000	351.000000	251.000000	600.000000	300.000000	1269200.000000	2790.000000	2754.000000	3800.000000	3900.000000	4100.000000	4200.000000	4490.000000	4460.000000	4450.000000	6558.000000	6408.000000	6258.000000	6109.000000	4052.000000	3952.000000	2125.000000	1977.000000	1829.000000	1682.000000	419.000000	515.000000	2873.000000	2963.000000	3054.000000	4088.000000	4152.000000	4217.000000	6522.000000	6435.000000	6348.000000	6261.000000	6174.000000	6088.000000	6003.000000	5917.000000	5833.000000	5749.000000	4283.000000	4351.000000	3375.000000	3339.000000	3305.000000	3274.000000	3245.000000	3220.000000	3197.000000	3177.000000	3161.000000	3147.000000	3145.000000	3237.000000	5337.000000	5326.000000	5315.000000	5308.000000	5350.000000	5500.000000	6536.000000	6595.000000	6670.000000	6731.000000	6959.000000	7075.000000	7430.000000	7672.000000	6544.000000	6727.000000	5950.000000	6250.000000	6195.000000	6387.000000	6557.000000	6548.000000	6694.000000	6687.000000	6534.000000	6530.000000	6550.000000	7070.000000	7107.000000	7146.000000	7189.000000	7551.000000	7602.000000	7756.000000	7808.000000	7706.000000	7760.000000	7919.000000	9191.000000	9291.000000	9393.000000	9496.000000	9662.000000	9214.000000	9313.000000	9412.000000	9511.000000	9610.000000	9682.000000	9687.000000	9692.000000	9699.000000	9706.000000	9714.000000	9724.000000	9735.000000	9746.000000	9759.000000	9756.000000	9851.000000	9945.000000	10040.000000	10811.000000	10856.000000	10902.000000	10949.000000	10996.000000	11044.000000	11092.000000	11141.000000	11191.000000	11242.000000	
1826.000000	1783.000000	1566.000000	1476.000000	1365.000000	1278.000000	2790.000000	2762.000000	3094.000000	3192.000000	3314.000000	3412.000000	4450.000000	4454.000000	3424.000000	3325.000000	3128.000000	3030.000000	2725.000000	2741.000000	2790.000000	1269200.000000	200.000000	1219.000000	1308.000000	1490.000000	1583.000000	1725.000000	1751.000000	1826.000000	3935.000000	3790.000000	3644.000000	3499.000000	1510.000000	1423.000000	1116.000000	1207.000000	1308.000000	1418.000000	3208.000000	3305.000000	5107.000000	5170.000000	5234.000000	3207.000000	3306.000000	3405.000000	4783.000000	4721.000000	4660.000000	4601.000000	4543.000000	4486.000000	4431.000000	4378.000000	4326.000000	4276.000000	3504.000000	3603.000000	3997.000000	4035.000000	4074.000000	4116.000000	4159.000000	4205.000000	4252.000000	4301.000000	4352.000000	4404.000000	5299.000000	5365.000000	6785.000000	6736.000000	6676.000000	6630.000000	6544.000000	6681.000000	6002.000000	6021.000000	6047.000000	6070.000000	6195.000000	6339.000000	6773.000000	7064.000000	6550.000000	6750.000000	7094.000000	7372.000000	7919.000000	8085.000000	7884.000000	7842.000000	7958.000000	7918.000000	7760.000000	7721.000000	7652.000000	7552.000000	7532.000000	7515.000000	7501.000000	7206.000000	7221.000000	7377.000000	7395.000000	7256.000000	7276.000000	7355.000000	8202.000000	8264.000000	8330.000000	8397.000000	9735.000000	10515.000000	10608.000000	10701.000000	10794.000000	10886.000000	10540.000000	10518.000000	10498.000000	10478.000000	10458.000000	10440.000000	10423.000000	10407.000000	10391.000000	10377.000000	9835.000000	9935.000000	10035.000000	10135.000000	10487.000000	10508.000000	10529.000000	10552.000000	10575.000000	10599.000000	10624.000000	10650.000000	10676.000000	10704.000000	
