159

96531

300.000000

35442

1	1	1	2	2	0	2	0	2	2	2	1	1	1	1	1	1	1	1	1	1	1	1	1	1	1	1	0	0	0	0	0	1	1	1	1	1	1	1	1	1	1	1	1	1	1	1	1	1	1	1	0	1	1	1	1	1	1	0	1	1	1	1	2	2	0	2	2	2	2	0	2	1	0	1	1	0	2	2	0	2	2	2	0	0	2	1	1	1	1	1	1	1	1	1	1	2	0	0	2	2	2	2	0	0	0	0	1	1	1	1	1	1	1	1	1	1	1	1	1	1	1	1	1	0	0	0	1	1	1	1	1	1	1	1	1	1	1	1	1	1	1	0	0	2	2	2	2	0	0	2	2	2	2	0	0	1	1	1	

1549	1233	1334	0	0	1227	0	1095	0	0	0	1197	1108	1129	1142	1258	1175	1155	1174	1248	1292	1320	1351	1521	1496	1774	1626	1586	1289	1059	1028	879	720	656	673	610	628	574	533	525	523	514	505	512	520	539	566	601	639	712	733	826	1021	1118	1141	1277	1369	1453	1611	1659	1536	1430	1284	0	0	1273	0	0	0	0	1196	0	1051	884	826	942	981	0	0	1171	0	0	0	1194	1205	0	1103	1016	905	834	771	814	861	900	1078	1098	0	1289	1311	0	0	0	0	1455	1490	1420	1253	957	886	858	839	828	825	646	650	661	680	707	600	573	554	543	540	710	1050	990	796	688	714	641	637	572	594	576	574	591	664	692	778	794	847	940	1008	1003	0	0	0	0	956	922	0	0	0	0	990	1078	1034	1032	1376	

668400.000000	728.000000	700.000000	922.000000	1118.000000	1300.000000	1513.000000	1712.000000	1811.000000	1910.000000	2110.000000	2100.000000	2309.000000	2508.000000	2608.000000	2700.000000	2807.000000	3338.000000	3551.000000	3635.000000	3622.000000	3406.000000	3506.000000	3700.000000	3905.000000	4300.000000	4205.000000	4428.000000	4464.000000	4144.000000	3640.000000	3418.000000	3585.000000	3329.000000	3276.000000	3081.000000	3023.000000	2983.000000	3111.000000	3183.000000	2907.000000	2941.000000	3220.000000	3276.000000	3551.000000	3722.000000	3895.000000	4071.000000	4357.000000	4614.000000	4717.000000	5022.000000	5500.000000	5701.000000	5657.000000	5873.000000	6081.000000	6223.000000	6512.000000	6622.000000	6440.000000	6268.000000	6022.000000	6054.000000	6003.000000	5954.000000	5906.000000	5859.000000	5814.000000	5770.000000	5727.000000	5686.000000	5456.000000	5100.000000	4875.000000	5148.000000	5126.000000	5571.000000	5536.000000	5503.000000	5471.000000	5441.000000	5412.000000	5385.000000	5360.000000	5337.000000	5001.000000	4805.000000	4657.000000	4464.000000	4272.000000	4079.000000	4045.000000	4512.000000	4752.000000	4866.000000	5277.000000	5261.000000	5247.000000	5235.000000	5224.000000	5215.000000	5209.000000	5204.000000	5201.000000	4901.000000	4501.000000	3600.000000	3401.000000	3202.000000	3002.000000	2802.000000	2602.000000	2693.000000	2886.000000	3081.000000	3276.000000	3471.000000	3640.000000	3454.000000	3270.000000	3087.000000	2907.000000	2088.000000	1404.000000	1077.000000	1565.000000	1924.000000	1931.000000	2193.000000	2081.000000	2421.000000	2404.000000	2476.000000	2691.000000	2625.000000	2608.000000	2865.000000	2417.000000	2600.000000	2341.000000	2474.000000	2236.000000	2138.000000	2159.000000	1942.000000	1844.000000	1746.000000	1868.000000	1709.000000	1552.000000	1414.000000	1315.000000	1360.000000	1393.000000	1077.000000	1118.000000	1000.000000	283.000000	
728.000000	668400.000000	200.000000	200.000000	400.000000	632.000000	800.000000	1000.000000	1100.000000	1200.000000	1400.000000	1414.000000	1600.000000	1800.000000	1900.000000	2010.000000	2100.000000	2617.000000	2828.000000	2915.000000	2907.000000	2700.000000	2800.000000	3007.000000	3200.000000	3606.000000	3500.000000	3712.000000	3736.000000	3418.000000	2912.000000	2693.000000	2884.000000	2640.000000	2581.000000	2408.000000	2343.000000	2335.000000	2500.000000	2581.000000	2332.000000	2417.000000	2683.000000	2786.000000	3046.000000	3231.000000	3418.000000	3606.000000	3848.000000	4123.000000	4205.000000	4478.000000	4940.000000	5131.000000	5033.000000	5235.000000	5456.000000	5597.000000	5903.000000	6046.000000	5883.000000	5731.000000	5471.000000	5546.000000	5504.000000	5463.000000	5423.000000	5385.000000	5349.000000	5314.000000	5281.000000	5250.000000	4998.000000	4624.000000	4427.000000	4713.000000	4730.000000	5166.000000	5142.000000	5120.000000	5099.000000	5080.000000	5064.000000	5049.000000	5036.000000	5025.000000	4710.000000	4510.000000	4329.000000	4130.000000	3932.000000	3801.000000	3801.000000	4211.000000	4500.000000	4601.000000	5004.000000	5001.000000	5000.000000	5001.000000	5004.000000	5009.000000	5016.000000	5025.000000	5036.000000	4768.000000	4374.000000	3471.000000	3256.000000	3059.000000	2864.000000	2668.000000	2474.000000	2400.000000	2600.000000	2800.000000	3000.000000	3200.000000	3256.000000	3059.000000	2864.000000	2668.000000	2474.000000	1803.000000	1442.000000	854.000000	1200.000000	1513.000000	1600.000000	1811.000000	1581.000000	1879.000000	1803.000000	1887.000000	2062.000000	1985.000000	1921.000000	2163.000000	1700.000000	1879.000000	1616.000000	1746.000000	1513.000000	1414.000000	1432.000000	1217.000000	1118.000000	1020.000000	1140.000000	985.000000	825.000000	700.000000	600.000000	632.000000	671.000000	361.000000	424.000000	412.000000	500.000000	
700.000000	200.000000	668400.000000	283.000000	447.000000	600.000000	825.000000	1020.000000	1118.000000	1217.000000	1414.000000	1400.000000	1612.000000	1811.000000	1910.000000	2000.000000	2110.000000	2648.000000	2864.000000	2943.000000	2927.000000	2707.000000	2807.000000	3000.000000	3206.000000	3600.000000	3506.000000	3734.000000	3795.000000	3493.000000	2973.000000	2773.000000	3000.000000	2766.000000	2702.000000	2546.000000	2476.000000	2484.000000	2663.000000	2746.000000	2506.000000	2600.000000	2864.000000	2973.000000	3231.000000	3418.000000	3606.000000	3795.000000	4031.000000	4308.000000	4386.000000	4653.000000	5111.000000	5300.000000	5186.000000	5381.000000	5608.000000	5749.000000	6061.000000	6213.000000	6054.000000	5906.000000	5644.000000	5727.000000	5686.000000	5646.000000	5608.000000	5571.000000	5536.000000	5503.000000	5471.000000	5441.000000	5187.000000	4810.000000	4617.000000	4904.000000	4924.000000	5360.000000	5337.000000	5315.000000	5295.000000	5277.000000	5261.000000	5247.000000	5235.000000	5224.000000	4909.000000	4710.000000	4528.000000	4329.000000	4130.000000	4001.000000	4001.000000	4410.000000	4700.000000	4801.000000	5204.000000	5201.000000	5200.000000	5201.000000	5204.000000	5209.000000	5215.000000	5224.000000	5235.000000	4965.000000	4571.000000	3667.000000	3453.000000	3256.000000	3059.000000	2864.000000	2668.000000	2600.000000	2800.000000	3000.000000	3200.000000	3400.000000	3453.000000	3256.000000	3059.000000	2864.000000	2668.000000	2002.000000	1612.000000	1044.000000	1400.000000	1712.000000	1800.000000	2010.000000	1772.000000	2062.000000	1972.000000	2059.000000	2220.000000	2140.000000	2052.000000	2280.000000	1803.000000	1972.000000	1700.000000	1803.000000	1552.000000	1456.000000	1487.000000	1265.000000	1170.000000	1077.000000	1208.000000	1082.000000	894.000000	728.000000	632.000000	721.000000	781.000000	500.000000	583.000000	608.000000	539.000000	
922.000000	200.000000	283.000000	668400.000000	200.000000	447.000000	600.000000	800.000000	900.000000	1000.000000	1200.000000	1217.000000	1400.000000	1600.000000	1700.000000	1811.000000	1900.000000	2419.000000	2631.000000	2717.000000	2707.000000	2500.000000	2600.000000	2807.000000	3000.000000	3406.000000	3300.000000	3513.000000	3544.000000	3231.000000	2720.000000	2508.000000	2720.000000	2484.000000	2421.000000	2263.000000	2193.000000	2202.000000	2385.000000	2470.000000	2236.000000	2341.000000	2600.000000	2720.000000	2973.000000	3162.000000	3353.000000	3544.000000	3770.000000	4050.000000	4123.000000	4383.000000	4837.000000	5025.000000	4904.000000	5099.000000	5326.000000	5467.000000	5780.000000	5936.000000	5780.000000	5636.000000	5371.000000	5463.000000	5423.000000	5385.000000	5349.000000	5314.000000	5281.000000	5250.000000	5220.000000	5192.000000	4934.000000	4554.000000	4368.000000	4657.000000	4687.000000	5120.000000	5099.000000	5080.000000	5064.000000	5049.000000	5036.000000	5025.000000	5016.000000	5009.000000	4701.000000	4501.000000	4310.000000	4111.000000	3912.000000	3801.000000	3812.000000	4201.000000	4504.000000	4601.000000	5000.000000	5001.000000	5004.000000	5009.000000	5016.000000	5025.000000	5036.000000	5049.000000	5064.000000	4805.000000	4415.000000	3517.000000	3298.000000	3105.000000	2912.000000	2720.000000	2530.000000	2408.000000	2608.000000	2807.000000	3007.000000	3206.000000	3225.000000	3027.000000	2828.000000	2631.000000	2433.000000	1825.000000	1562.000000	943.000000	1217.000000	1500.000000	1612.000000	1800.000000	1530.000000	1803.000000	1700.000000	1789.000000	1942.000000	1860.000000	1769.000000	2000.000000	1526.000000	1700.000000	1432.000000	1552.000000	1315.000000	1217.000000	1237.000000	1020.000000	922.000000	825.000000	949.000000	806.000000	632.000000	500.000000	400.000000	447.000000	500.000000	224.000000	316.000000	412.000000	700.000000	
1118.000000	400.000000	447.000000	200.000000	668400.000000	283.000000	400.000000	600.000000	700.000000	800.000000	1000.000000	1020.000000	1200.000000	1400.000000	1500.000000	1612.000000	1700.000000	2220.000000	2433.000000	2518.000000	2508.000000	2300.000000	2400.000000	2608.000000	2800.000000	3206.000000	3100.000000	3314.000000	3353.000000	3046.000000	2530.000000	2326.000000	2561.000000	2335.000000	2267.000000	2126.000000	2052.000000	2081.000000	2283.000000	2371.000000	2154.000000	2280.000000	2530.000000	2668.000000	2912.000000	3105.000000	3298.000000	3493.000000	3700.000000	3985.000000	4050.000000	4295.000000	4741.000000	4924.000000	4780.000000	4968.000000	5201.000000	5341.000000	5661.000000	5831.000000	5682.000000	5546.000000	5277.000000	5385.000000	5349.000000	5314.000000	5281.000000	5250.000000	5220.000000	5192.000000	5166.000000	5142.000000	4876.000000	4492.000000	4317.000000	4610.000000	4653.000000	5080.000000	5064.000000	5049.000000	5036.000000	5025.000000	5016.000000	5009.000000	5004.000000	5001.000000	4701.000000	4501.000000	4301.000000	4101.000000	3901.000000	3812.000000	3833.000000	4201.000000	4518.000000	4610.000000	5004.000000	5009.000000	5016.000000	5025.000000	5036.000000	5049.000000	5064.000000	5080.000000	5099.000000	4851.000000	4464.000000	3574.000000	3353.000000	3162.000000	2973.000000	2786.000000	2600.000000	2433.000000	2631.000000	2828.000000	3027.000000	3225.000000	3206.000000	3007.000000	2807.000000	2608.000000	2408.000000	1868.000000	1697.000000	1063.000000	1265.000000	1513.000000	1649.000000	1811.000000	1503.000000	1746.000000	1616.000000	1709.000000	1836.000000	1749.000000	1628.000000	1844.000000	1360.000000	1526.000000	1253.000000	1360.000000	1118.000000	1020.000000	1044.000000	825.000000	728.000000	632.000000	762.000000	640.000000	447.000000	300.000000	200.000000	283.000000	361.000000	224.000000	316.000000	500.000000	900.000000	
1300.000000	632.000000	600.000000	447.000000	283.000000	668400.000000	283.000000	447.000000	539.000000	632.000000	825.000000	800.000000	1020.000000	1217.000000	1315.000000	1400.000000	1513.000000	2062.000000	2280.000000	2354.000000	2335.000000	2110.000000	2209.000000	2400.000000	2608.000000	3000.000000	2907.000000	3140.000000	3231.000000	2953.000000	2417.000000	2247.000000	2546.000000	2343.000000	2267.000000	2163.000000	2081.000000	2147.000000	2377.000000	2470.000000	2280.000000	2433.000000	2668.000000	2828.000000	3059.000000	3256.000000	3453.000000	3650.000000	3833.000000	4123.000000	4176.000000	4401.000000	4833.000000	5009.000000	4826.000000	5000.000000	5243.000000	5382.000000	5714.000000	5906.000000	5770.000000	5646.000000	5371.000000	5503.000000	5471.000000	5441.000000	5412.000000	5385.000000	5360.000000	5337.000000	5315.000000	5295.000000	5022.000000	4632.000000	4472.000000	4768.000000	4826.000000	5247.000000	5235.000000	5224.000000	5215.000000	5209.000000	5204.000000	5201.000000	5200.000000	5201.000000	4909.000000	4710.000000	4501.000000	4301.000000	4101.000000	4031.000000	4061.000000	4410.000000	4738.000000	4826.000000	5215.000000	5224.000000	5235.000000	5247.000000	5261.000000	5277.000000	5295.000000	5315.000000	5337.000000	5096.000000	4713.000000	3828.000000	3606.000000	3418.000000	3231.000000	3046.000000	2864.000000	2668.000000	2864.000000	3059.000000	3256.000000	3453.000000	3400.000000	3200.000000	3000.000000	2800.000000	2600.000000	2119.000000	1980.000000	1345.000000	1523.000000	1746.000000	1897.000000	2040.000000	1703.000000	1910.000000	1746.000000	1844.000000	1931.000000	1838.000000	1664.000000	1844.000000	1345.000000	1487.000000	1204.000000	1253.000000	985.000000	894.000000	943.000000	721.000000	640.000000	566.000000	707.000000	671.000000	447.000000	224.000000	200.000000	400.000000	500.000000	500.000000	583.000000	781.000000	1118.000000	
1513.000000	800.000000	825.000000	600.000000	400.000000	283.000000	668400.000000	200.000000	300.000000	400.000000	600.000000	632.000000	800.000000	1000.000000	1100.000000	1217.000000	1300.000000	1825.000000	2040.000000	2121.000000	2110.000000	1900.000000	2000.000000	2209.000000	2400.000000	2807.000000	2700.000000	2915.000000	2973.000000	2683.000000	2154.000000	1972.000000	2263.000000	2062.000000	1985.000000	1887.000000	1803.000000	1879.000000	2119.000000	2214.000000	2040.000000	2209.000000	2433.000000	2608.000000	2828.000000	3027.000000	3225.000000	3423.000000	3590.000000	3883.000000	3929.000000	4144.000000	4569.000000	4742.000000	4549.000000	4720.000000	4965.000000	5104.000000	5438.000000	5636.000000	5504.000000	5385.000000	5108.000000	5250.000000	5220.000000	5192.000000	5166.000000	5142.000000	5120.000000	5099.000000	5080.000000	5064.000000	4785.000000	4393.000000	4243.000000	4540.000000	4610.000000	5025.000000	5016.000000	5009.000000	5004.000000	5001.000000	5000.000000	5001.000000	5004.000000	5009.000000	4727.000000	4528.000000	4310.000000	4111.000000	3912.000000	3864.000000	3905.000000	4230.000000	4571.000000	4653.000000	5036.000000	5049.000000	5064.000000	5080.000000	5099.000000	5120.000000	5142.000000	5166.000000	5192.000000	4965.000000	4588.000000	3716.000000	3493.000000	3311.000000	3130.000000	2953.000000	2778.000000	2530.000000	2720.000000	2912.000000	3105.000000	3298.000000	3206.000000	3007.000000	2807.000000	2608.000000	2408.000000	2012.000000	2000.000000	1360.000000	1442.000000	1616.000000	1789.000000	1897.000000	1530.000000	1700.000000	1513.000000	1612.000000	1676.000000	1581.000000	1389.000000	1562.000000	1063.000000	1204.000000	922.000000	985.000000	728.000000	632.000000	671.000000	447.000000	361.000000	283.000000	424.000000	412.000000	200.000000	100.000000	200.000000	283.000000	361.000000	539.000000	583.000000	806.000000	1300.000000	
1712.000000	1000.000000	1020.000000	800.000000	600.000000	447.000000	200.000000	668400.000000	100.000000	200.000000	400.000000	447.000000	600.000000	800.000000	900.000000	1020.000000	1100.000000	1628.000000	1844.000000	1924.000000	1910.000000	1700.000000	1800.000000	2010.000000	2200.000000	2608.000000	2500.000000	2717.000000	2786.000000	2506.000000	1970.000000	1803.000000	2126.000000	1942.000000	1860.000000	1789.000000	1700.000000	1803.000000	2062.000000	2159.000000	2010.000000	2200.000000	2408.000000	2600.000000	2807.000000	3007.000000	3206.000000	3406.000000	3551.000000	3847.000000	3883.000000	4080.000000	4494.000000	4662.000000	4442.000000	4604.000000	4855.000000	4993.000000	5334.000000	5546.000000	5423.000000	5314.000000	5033.000000	5192.000000	5166.000000	5142.000000	5120.000000	5099.000000	5080.000000	5064.000000	5049.000000	5036.000000	4752.000000	4357.000000	4219.000000	4518.000000	4601.000000	5009.000000	5004.000000	5001.000000	5000.000000	5001.000000	5004.000000	5009.000000	5016.000000	5025.000000	4752.000000	4554.000000	4329.000000	4130.000000	3932.000000	3905.000000	3956.000000	4258.000000	4610.000000	4687.000000	5064.000000	5080.000000	5099.000000	5120.000000	5142.000000	5166.000000	5192.000000	5220.000000	5250.000000	5033.000000	4662.000000	3801.000000	3578.000000	3400.000000	3225.000000	3053.000000	2884.000000	2600.000000	2786.000000	2973.000000	3162.000000	3353.000000	3225.000000	3027.000000	2828.000000	2631.000000	2433.000000	2110.000000	2163.000000	1526.000000	1562.000000	1700.000000	1887.000000	1970.000000	1581.000000	1712.000000	1500.000000	1600.000000	1628.000000	1530.000000	1300.000000	1442.000000	943.000000	1063.000000	781.000000	806.000000	539.000000	447.000000	500.000000	283.000000	224.000000	200.000000	316.000000	412.000000	283.000000	300.000000	400.000000	447.000000	500.000000	728.000000	762.000000	985.000000	1500.000000	
1811.000000	1100.000000	1118.000000	900.000000	700.000000	539.000000	300.000000	100.000000	668400.000000	100.000000	300.000000	361.000000	500.000000	700.000000	800.000000	922.000000	1000.000000	1530.000000	1746.000000	1825.000000	1811.000000	1600.000000	1700.000000	1910.000000	2100.000000	2508.000000	2400.000000	2617.000000	2693.000000	2419.000000	1879.000000	1720.000000	2062.000000	1887.000000	1803.000000	1746.000000	1655.000000	1772.000000	2040.000000	2138.000000	2002.000000	2202.000000	2402.000000	2602.000000	2802.000000	3002.000000	3202.000000	3401.000000	3536.000000	3833.000000	3864.000000	4052.000000	4460.000000	4624.000000	4391.000000	4549.000000	4802.000000	4940.000000	5284.000000	5504.000000	5385.000000	5281.000000	4998.000000	5166.000000	5142.000000	5120.000000	5099.000000	5080.000000	5064.000000	5049.000000	5036.000000	5025.000000	4738.000000	4342.000000	4211.000000	4510.000000	4600.000000	5004.000000	5001.000000	5000.000000	5001.000000	5004.000000	5009.000000	5016.000000	5025.000000	5036.000000	4768.000000	4571.000000	4342.000000	4144.000000	3946.000000	3929.000000	3985.000000	4276.000000	4632.000000	4707.000000	5080.000000	5099.000000	5120.000000	5142.000000	5166.000000	5192.000000	5220.000000	5250.000000	5281.000000	5070.000000	4701.000000	3847.000000	3624.000000	3448.000000	3276.000000	3106.000000	2941.000000	2640.000000	2823.000000	3008.000000	3195.000000	3384.000000	3239.000000	3041.000000	2844.000000	2648.000000	2452.000000	2163.000000	2247.000000	1612.000000	1628.000000	1749.000000	1942.000000	2012.000000	1616.000000	1726.000000	1503.000000	1603.000000	1612.000000	1513.000000	1265.000000	1389.000000	894.000000	1000.000000	721.000000	721.000000	447.000000	361.000000	424.000000	224.000000	200.000000	224.000000	300.000000	447.000000	361.000000	400.000000	500.000000	539.000000	583.000000	825.000000	854.000000	1077.000000	1600.000000	
1910.000000	1200.000000	1217.000000	1000.000000	800.000000	632.000000	400.000000	200.000000	100.000000	668400.000000	200.000000	283.000000	400.000000	600.000000	700.000000	825.000000	900.000000	1432.000000	1649.000000	1726.000000	1712.000000	1500.000000	1600.000000	1811.000000	2000.000000	2408.000000	2300.000000	2518.000000	2600.000000	2332.000000	1789.000000	1640.000000	2000.000000	1836.000000	1749.000000	1709.000000	1616.000000	1746.000000	2022.000000	2121.000000	2000.000000	2209.000000	2400.000000	2608.000000	2800.000000	3000.000000	3200.000000	3400.000000	3523.000000	3821.000000	3847.000000	4026.000000	4427.000000	4588.000000	4342.000000	4494.000000	4751.000000	4888.000000	5235.000000	5463.000000	5349.000000	5250.000000	4965.000000	5142.000000	5120.000000	5099.000000	5080.000000	5064.000000	5049.000000	5036.000000	5025.000000	5016.000000	4727.000000	4329.000000	4205.000000	4504.000000	4601.000000	5001.000000	5000.000000	5001.000000	5004.000000	5009.000000	5016.000000	5025.000000	5036.000000	5049.000000	4785.000000	4589.000000	4357.000000	4159.000000	3962.000000	3956.000000	4016.000000	4295.000000	4657.000000	4730.000000	5099.000000	5120.000000	5142.000000	5166.000000	5192.000000	5220.000000	5250.000000	5281.000000	5314.000000	5108.000000	4742.000000	3895.000000	3672.000000	3499.000000	3329.000000	3162.000000	3000.000000	2683.000000	2864.000000	3046.000000	3231.000000	3418.000000	3256.000000	3059.000000	2864.000000	2668.000000	2474.000000	2220.000000	2332.000000	1700.000000	1697.000000	1803.000000	2000.000000	2059.000000	1655.000000	1746.000000	1513.000000	1612.000000	1603.000000	1503.000000	1237.000000	1342.000000	854.000000	943.000000	671.000000	640.000000	361.000000	283.000000	361.000000	200.000000	224.000000	283.000000	316.000000	500.000000	447.000000	500.000000	600.000000	632.000000	671.000000	922.000000	949.000000	1170.000000	1700.000000	
2110.000000	1400.000000	1414.000000	1200.000000	1000.000000	825.000000	600.000000	400.000000	300.000000	200.000000	668400.000000	200.000000	200.000000	400.000000	500.000000	632.000000	700.000000	1237.000000	1456.000000	1530.000000	1513.000000	1300.000000	1400.000000	1612.000000	1800.000000	2209.000000	2100.000000	2319.000000	2417.000000	2163.000000	1612.000000	1487.000000	1887.000000	1746.000000	1655.000000	1649.000000	1552.000000	1712.000000	2002.000000	2102.000000	2010.000000	2236.000000	2408.000000	2631.000000	2807.000000	3007.000000	3206.000000	3406.000000	3506.000000	3805.000000	3821.000000	3981.000000	4368.000000	4522.000000	4249.000000	4391.000000	4653.000000	4789.000000	5143.000000	5385.000000	5281.000000	5192.000000	4904.000000	5099.000000	5080.000000	5064.000000	5049.000000	5036.000000	5025.000000	5016.000000	5009.000000	5004.000000	4710.000000	4310.000000	4200.000000	4500.000000	4610.000000	5001.000000	5004.000000	5009.000000	5016.000000	5025.000000	5036.000000	5049.000000	5064.000000	5080.000000	4827.000000	4632.000000	4393.000000	4198.000000	4002.000000	4016.000000	4085.000000	4342.000000	4713.000000	4780.000000	5142.000000	5166.000000	5192.000000	5220.000000	5250.000000	5281.000000	5314.000000	5349.000000	5385.000000	5189.000000	4830.000000	3996.000000	3774.000000	3606.000000	3441.000000	3280.000000	3124.000000	2778.000000	2953.000000	3130.000000	3311.000000	3493.000000	3298.000000	3105.000000	2912.000000	2720.000000	2530.000000	2343.000000	2506.000000	1879.000000	1844.000000	1921.000000	2126.000000	2163.000000	1749.000000	1803.000000	1552.000000	1649.000000	1603.000000	1503.000000	1204.000000	1265.000000	806.000000	854.000000	608.000000	500.000000	224.000000	200.000000	300.000000	283.000000	361.000000	447.000000	424.000000	640.000000	632.000000	700.000000	800.000000	825.000000	854.000000	1118.000000	1140.000000	1360.000000	1900.000000	
2100.000000	1414.000000	1400.000000	1217.000000	1020.000000	800.000000	632.000000	447.000000	361.000000	283.000000	200.000000	668400.000000	283.000000	447.000000	539.000000	600.000000	728.000000	1300.000000	1523.000000	1581.000000	1552.000000	1315.000000	1414.000000	1600.000000	1811.000000	2200.000000	2110.000000	2354.000000	2506.000000	2280.000000	1720.000000	1628.000000	2059.000000	1931.000000	1838.000000	1844.000000	1746.000000	1910.000000	2202.000000	2302.000000	2209.000000	2433.000000	2608.000000	2828.000000	3007.000000	3206.000000	3406.000000	3606.000000	3705.000000	4005.000000	4020.000000	4177.000000	4561.000000	4713.000000	4428.000000	4565.000000	4830.000000	4965.000000	5323.000000	5571.000000	5471.000000	5385.000000	5096.000000	5295.000000	5277.000000	5261.000000	5247.000000	5235.000000	5224.000000	5215.000000	5209.000000	5204.000000	4909.000000	4510.000000	4400.000000	4700.000000	4809.000000	5201.000000	5204.000000	5209.000000	5215.000000	5224.000000	5235.000000	5247.000000	5261.000000	5277.000000	5022.000000	4827.000000	4589.000000	4393.000000	4198.000000	4206.000000	4272.000000	4535.000000	4904.000000	4973.000000	5337.000000	5360.000000	5385.000000	5412.000000	5441.000000	5471.000000	5503.000000	5536.000000	5571.000000	5371.000000	5009.000000	4168.000000	3945.000000	3774.000000	3606.000000	3441.000000	3280.000000	2953.000000	3130.000000	3311.000000	3493.000000	3677.000000	3493.000000	3298.000000	3105.000000	2912.000000	2720.000000	2500.000000	2608.000000	1972.000000	1980.000000	2081.000000	2280.000000	2332.000000	1924.000000	1992.000000	1746.000000	1844.000000	1803.000000	1703.000000	1404.000000	1456.000000	1005.000000	1044.000000	806.000000	671.000000	412.000000	400.000000	500.000000	447.000000	500.000000	566.000000	583.000000	781.000000	721.000000	728.000000	825.000000	894.000000	943.000000	1170.000000	1208.000000	1432.000000	1910.000000	
2309.000000	1600.000000	1612.000000	1400.000000	1200.000000	1020.000000	800.000000	600.000000	500.000000	400.000000	200.000000	283.000000	668400.000000	200.000000	300.000000	447.000000	500.000000	1044.000000	1265.000000	1334.000000	1315.000000	1100.000000	1200.000000	1414.000000	1600.000000	2010.000000	1900.000000	2121.000000	2236.000000	2000.000000	1442.000000	1345.000000	1789.000000	1676.000000	1581.000000	1612.000000	1513.000000	1700.000000	2002.000000	2102.000000	2040.000000	2280.000000	2433.000000	2668.000000	2828.000000	3027.000000	3225.000000	3423.000000	3500.000000	3800.000000	3805.000000	3946.000000	4317.000000	4464.000000	4163.000000	4294.000000	4562.000000	4696.000000	5057.000000	5314.000000	5220.000000	5142.000000	4851.000000	5064.000000	5049.000000	5036.000000	5025.000000	5016.000000	5009.000000	5004.000000	5001.000000	5000.000000	4701.000000	4301.000000	4205.000000	4504.000000	4627.000000	5009.000000	5016.000000	5025.000000	5036.000000	5049.000000	5064.000000	5080.000000	5099.000000	5120.000000	4876.000000	4684.000000	4438.000000	4245.000000	4052.000000	4085.000000	4163.000000	4397.000000	4776.000000	4838.000000	5192.000000	5220.000000	5250.000000	5281.000000	5314.000000	5349.000000	5385.000000	5423.000000	5463.000000	5277.000000	4924.000000	4105.000000	3883.000000	3720.000000	3561.000000	3406.000000	3256.000000	2884.000000	3053.000000	3225.000000	3400.000000	3578.000000	3353.000000	3162.000000	2973.000000	2786.000000	2600.000000	2476.000000	2683.000000	2062.000000	2000.000000	2052.000000	2263.000000	2280.000000	1860.000000	1879.000000	1616.000000	1709.000000	1628.000000	1530.000000	1204.000000	1217.000000	806.000000	806.000000	608.000000	412.000000	224.000000	283.000000	361.000000	447.000000	539.000000	632.000000	583.000000	806.000000	825.000000	900.000000	1000.000000	1020.000000	1044.000000	1315.000000	1334.000000	1552.000000	2100.000000	
2508.000000	1800.000000	1811.000000	1600.000000	1400.000000	1217.000000	1000.000000	800.000000	700.000000	600.000000	400.000000	447.000000	200.000000	668400.000000	100.000000	283.000000	300.000000	854.000000	1077.000000	1140.000000	1118.000000	900.000000	1000.000000	1217.000000	1400.000000	1811.000000	1700.000000	1924.000000	2059.000000	1844.000000	1281.000000	1221.000000	1709.000000	1628.000000	1530.000000	1600.000000	1500.000000	1712.000000	2022.000000	2121.000000	2088.000000	2341.000000	2474.000000	2720.000000	2864.000000	3059.000000	3256.000000	3453.000000	3506.000000	3805.000000	3800.000000	3920.000000	4276.000000	4415.000000	4085.000000	4205.000000	4478.000000	4610.000000	4977.000000	5250.000000	5166.000000	5099.000000	4805.000000	5036.000000	5025.000000	5016.000000	5009.000000	5004.000000	5001.000000	5000.000000	5001.000000	5004.000000	4701.000000	4301.000000	4219.000000	4518.000000	4653.000000	5025.000000	5036.000000	5049.000000	5064.000000	5080.000000	5099.000000	5120.000000	5142.000000	5166.000000	4934.000000	4743.000000	4492.000000	4301.000000	4111.000000	4163.000000	4249.000000	4460.000000	4847.000000	4904.000000	5250.000000	5281.000000	5314.000000	5349.000000	5385.000000	5423.000000	5463.000000	5504.000000	5546.000000	5371.000000	5025.000000	4220.000000	4000.000000	3842.000000	3688.000000	3538.000000	3394.000000	3000.000000	3162.000000	3329.000000	3499.000000	3672.000000	3418.000000	3231.000000	3046.000000	2864.000000	2683.000000	2617.000000	2864.000000	2247.000000	2163.000000	2193.000000	2408.000000	2408.000000	1985.000000	1972.000000	1700.000000	1789.000000	1676.000000	1581.000000	1237.000000	1200.000000	854.000000	806.000000	671.000000	412.000000	361.000000	447.000000	500.000000	632.000000	728.000000	825.000000	762.000000	985.000000	1020.000000	1100.000000	1200.000000	1217.000000	1237.000000	1513.000000	1530.000000	1746.000000	2300.000000	
2608.000000	1900.000000	1910.000000	1700.000000	1500.000000	1315.000000	1100.000000	900.000000	800.000000	700.000000	500.000000	539.000000	300.000000	100.000000	668400.000000	224.000000	200.000000	762.000000	985.000000	1044.000000	1020.000000	800.000000	900.000000	1118.000000	1300.000000	1712.000000	1600.000000	1825.000000	1972.000000	1769.000000	1204.000000	1166.000000	1676.000000	1612.000000	1513.000000	1603.000000	1503.000000	1726.000000	2040.000000	2138.000000	2119.000000	2377.000000	2500.000000	2751.000000	2886.000000	3081.000000	3276.000000	3471.000000	3513.000000	3812.000000	3801.000000	3912.000000	4258.000000	4393.000000	4050.000000	4163.000000	4438.000000	4569.000000	4940.000000	5220.000000	5142.000000	5080.000000	4785.000000	5025.000000	5016.000000	5009.000000	5004.000000	5001.000000	5000.000000	5001.000000	5004.000000	5009.000000	4704.000000	4305.000000	4230.000000	4528.000000	4669.000000	5036.000000	5049.000000	5064.000000	5080.000000	5099.000000	5120.000000	5142.000000	5166.000000	5192.000000	4965.000000	4776.000000	4522.000000	4332.000000	4144.000000	4205.000000	4294.000000	4494.000000	4885.000000	4940.000000	5281.000000	5314.000000	5349.000000	5385.000000	5423.000000	5463.000000	5504.000000	5546.000000	5590.000000	5420.000000	5077.000000	4280.000000	4061.000000	3905.000000	3754.000000	3607.000000	3466.000000	3061.000000	3220.000000	3384.000000	3551.000000	3722.000000	3454.000000	3270.000000	3087.000000	2907.000000	2729.000000	2691.000000	2955.000000	2341.000000	2247.000000	2267.000000	2484.000000	2476.000000	2052.000000	2025.000000	1749.000000	1836.000000	1709.000000	1616.000000	1265.000000	1204.000000	894.000000	825.000000	721.000000	447.000000	447.000000	539.000000	583.000000	728.000000	825.000000	922.000000	854.000000	1077.000000	1118.000000	1200.000000	1300.000000	1315.000000	1334.000000	1612.000000	1628.000000	1844.000000	2400.000000	
2700.000000	2010.000000	2000.000000	1811.000000	1612.000000	1400.000000	1217.000000	1020.000000	922.000000	825.000000	632.000000	600.000000	447.000000	283.000000	224.000000	668400.000000	224.000000	781.000000	1000.000000	1030.000000	985.000000	728.000000	825.000000	1000.000000	1217.000000	1600.000000	1513.000000	1772.000000	2000.000000	1844.000000	1281.000000	1300.000000	1844.000000	1803.000000	1703.000000	1811.000000	1712.000000	1942.000000	2256.000000	2354.000000	2341.000000	2600.000000	2720.000000	2973.000000	3105.000000	3298.000000	3493.000000	3688.000000	3722.000000	4020.000000	4005.000000	4105.000000	4441.000000	4571.000000	4206.000000	4308.000000	4588.000000	4717.000000	5092.000000	5385.000000	5315.000000	5261.000000	4965.000000	5215.000000	5209.000000	5204.000000	5201.000000	5200.000000	5201.000000	5204.000000	5209.000000	5215.000000	4909.000000	4510.000000	4441.000000	4738.000000	4884.000000	5247.000000	5261.000000	5277.000000	5295.000000	5315.000000	5337.000000	5360.000000	5385.000000	5412.000000	5187.000000	4998.000000	4743.000000	4554.000000	4366.000000	4428.000000	4518.000000	4717.000000	5108.000000	5162.000000	5503.000000	5536.000000	5571.000000	5608.000000	5646.000000	5686.000000	5727.000000	5770.000000	5814.000000	5644.000000	5300.000000	4500.000000	4280.000000	4123.000000	3970.000000	3821.000000	3677.000000	3280.000000	3441.000000	3606.000000	3774.000000	3945.000000	3677.000000	3493.000000	3311.000000	3130.000000	2953.000000	2900.000000	3130.000000	2508.000000	2441.000000	2476.000000	2691.000000	2691.000000	2267.000000	2247.000000	1972.000000	2059.000000	1931.000000	1838.000000	1487.000000	1414.000000	1118.000000	1044.000000	943.000000	671.000000	640.000000	721.000000	781.000000	894.000000	985.000000	1077.000000	1030.000000	1253.000000	1265.000000	1315.000000	1414.000000	1456.000000	1487.000000	1746.000000	1772.000000	1992.000000	2508.000000	
2807.000000	2100.000000	2110.000000	1900.000000	1700.000000	1513.000000	1300.000000	1100.000000	1000.000000	900.000000	700.000000	728.000000	500.000000	300.000000	200.000000	224.000000	668400.000000	583.000000	806.000000	854.000000	825.000000	600.000000	700.000000	922.000000	1100.000000	1513.000000	1400.000000	1628.000000	1803.000000	1628.000000	1063.000000	1077.000000	1628.000000	1600.000000	1500.000000	1628.000000	1530.000000	1772.000000	2088.000000	2184.000000	2193.000000	2460.000000	2563.000000	2823.000000	2941.000000	3132.000000	3324.000000	3517.000000	3536.000000	3833.000000	3812.000000	3901.000000	4230.000000	4357.000000	3985.000000	4085.000000	4366.000000	4494.000000	4870.000000	5166.000000	5099.000000	5049.000000	4752.000000	5009.000000	5004.000000	5001.000000	5000.000000	5001.000000	5004.000000	5009.000000	5016.000000	5025.000000	4717.000000	4319.000000	4258.000000	4554.000000	4707.000000	5064.000000	5080.000000	5099.000000	5120.000000	5142.000000	5166.000000	5192.000000	5220.000000	5250.000000	5033.000000	4847.000000	4588.000000	4401.000000	4215.000000	4294.000000	4391.000000	4569.000000	4966.000000	5016.000000	5349.000000	5385.000000	5423.000000	5463.000000	5504.000000	5546.000000	5590.000000	5636.000000	5682.000000	5523.000000	5187.000000	4405.000000	4187.000000	4036.000000	3890.000000	3748.000000	3612.000000	3189.000000	3342.000000	3500.000000	3662.000000	3828.000000	3534.000000	3354.000000	3176.000000	3002.000000	2830.000000	2843.000000	3138.000000	2530.000000	2419.000000	2421.000000	2640.000000	2617.000000	2193.000000	2140.000000	1860.000000	1942.000000	1789.000000	1700.000000	1342.000000	1237.000000	1000.000000	894.000000	849.000000	566.000000	632.000000	728.000000	762.000000	922.000000	1020.000000	1118.000000	1044.000000	1265.000000	1315.000000	1400.000000	1500.000000	1513.000000	1530.000000	1811.000000	1825.000000	2040.000000	2600.000000	
3338.000000	2617.000000	2648.000000	2419.000000	2220.000000	2062.000000	1825.000000	1628.000000	1530.000000	1432.000000	1237.000000	1300.000000	1044.000000	854.000000	762.000000	781.000000	583.000000	668400.000000	224.000000	300.000000	316.000000	316.000000	361.000000	640.000000	671.000000	1118.000000	949.000000	1100.000000	1221.000000	1082.000000	539.000000	707.000000	1315.000000	1393.000000	1300.000000	1526.000000	1442.000000	1720.000000	2025.000000	2110.000000	2202.000000	2484.000000	2524.000000	2802.000000	2865.000000	3041.000000	3220.000000	3401.000000	3353.000000	3640.000000	3590.000000	3622.000000	3900.000000	4005.000000	3569.000000	3640.000000	3929.000000	4052.000000	4438.000000	4768.000000	4727.000000	4704.000000	4405.000000	4704.000000	4710.000000	4717.000000	4727.000000	4738.000000	4752.000000	4768.000000	4785.000000	4805.000000	4491.000000	4100.000000	4080.000000	4368.000000	4554.000000	4876.000000	4904.000000	4934.000000	4965.000000	4998.000000	5033.000000	5070.000000	5108.000000	5148.000000	4965.000000	4789.000000	4518.000000	4342.000000	4168.000000	4301.000000	4420.000000	4528.000000	4940.000000	4974.000000	5277.000000	5324.000000	5371.000000	5420.000000	5471.000000	5523.000000	5576.000000	5630.000000	5686.000000	5561.000000	5250.000000	4528.000000	4319.000000	4187.000000	4061.000000	3941.000000	3828.000000	3342.000000	3471.000000	3607.000000	3748.000000	3895.000000	3523.000000	3360.000000	3202.000000	3048.000000	2900.000000	3089.000000	3517.000000	2943.000000	2751.000000	2683.000000	2907.000000	2830.000000	2419.000000	2280.000000	2000.000000	2062.000000	1838.000000	1769.000000	1421.000000	1204.000000	1208.000000	1030.000000	1140.000000	906.000000	1105.000000	1204.000000	1200.000000	1404.000000	1503.000000	1603.000000	1500.000000	1703.000000	1803.000000	1924.000000	2022.000000	2002.000000	2000.000000	2302.000000	2300.000000	2502.000000	3114.000000	
3551.000000	2828.000000	2864.000000	2631.000000	2433.000000	2280.000000	2040.000000	1844.000000	1746.000000	1649.000000	1456.000000	1523.000000	1265.000000	1077.000000	985.000000	1000.000000	806.000000	224.000000	668400.000000	141.000000	224.000000	412.000000	400.000000	632.000000	566.000000	1000.000000	806.000000	906.000000	1000.000000	894.000000	400.000000	671.000000	1265.000000	1389.000000	1304.000000	1562.000000	1487.000000	1769.000000	2062.000000	2140.000000	2263.000000	2546.000000	2561.000000	2843.000000	2884.000000	3053.000000	3225.000000	3400.000000	3324.000000	3606.000000	3544.000000	3551.000000	3805.000000	3900.000000	3437.000000	3493.000000	3785.000000	3905.000000	4295.000000	4639.000000	4610.000000	4600.000000	4300.000000	4617.000000	4627.000000	4639.000000	4653.000000	4669.000000	4687.000000	4707.000000	4730.000000	4754.000000	4438.000000	4052.000000	4050.000000	4332.000000	4531.000000	4838.000000	4870.000000	4904.000000	4940.000000	4977.000000	5016.000000	5057.000000	5099.000000	5143.000000	4974.000000	4802.000000	4528.000000	4357.000000	4188.000000	4342.000000	4469.000000	4549.000000	4965.000000	4993.000000	5284.000000	5334.000000	5385.000000	5438.000000	5492.000000	5547.000000	5604.000000	5661.000000	5720.000000	5608.000000	5308.000000	4610.000000	4405.000000	4280.000000	4162.000000	4050.000000	3945.000000	3441.000000	3561.000000	3688.000000	3821.000000	3960.000000	3561.000000	3406.000000	3256.000000	3111.000000	2973.000000	3220.000000	3688.000000	3126.000000	2912.000000	2823.000000	3046.000000	2953.000000	2550.000000	2385.000000	2110.000000	2163.000000	1921.000000	1860.000000	1526.000000	1281.000000	1360.000000	1170.000000	1315.000000	1100.000000	1315.000000	1414.000000	1404.000000	1612.000000	1712.000000	1811.000000	1703.000000	1900.000000	2010.000000	2138.000000	2236.000000	2209.000000	2202.000000	2508.000000	2502.000000	2700.000000	3324.000000	
3635.000000	2915.000000	2943.000000	2717.000000	2518.000000	2354.000000	2121.000000	1924.000000	1825.000000	1726.000000	1530.000000	1581.000000	1334.000000	1140.000000	1044.000000	1030.000000	854.000000	300.000000	141.000000	668400.000000	100.000000	361.000000	316.000000	510.000000	424.000000	860.000000	671.000000	800.000000	990.000000	949.000000	510.000000	806.000000	1393.000000	1526.000000	1442.000000	1703.000000	1628.000000	1910.000000	2202.000000	2280.000000	2404.000000	2687.000000	2702.000000	2983.000000	3023.000000	3191.000000	3362.000000	3536.000000	3454.000000	3734.000000	3669.000000	3667.000000	3912.000000	4001.000000	3523.000000	3569.000000	3864.000000	3981.000000	4374.000000	4727.000000	4704.000000	4701.000000	4401.000000	4727.000000	4738.000000	4752.000000	4768.000000	4785.000000	4805.000000	4827.000000	4851.000000	4876.000000	4561.000000	4176.000000	4179.000000	4460.000000	4662.000000	4965.000000	4998.000000	5033.000000	5070.000000	5108.000000	5148.000000	5189.000000	5233.000000	5277.000000	5111.000000	4940.000000	4665.000000	4494.000000	4327.000000	4482.000000	4610.000000	4687.000000	5104.000000	5131.000000	5420.000000	5471.000000	5523.000000	5576.000000	5630.000000	5686.000000	5743.000000	5801.000000	5860.000000	5749.000000	5449.000000	4751.000000	4545.000000	4420.000000	4301.000000	4188.000000	4082.000000	3581.000000	3701.000000	3829.000000	3962.000000	4101.000000	3701.000000	3547.000000	3397.000000	3253.000000	3114.000000	3354.000000	3808.000000	3239.000000	3036.000000	2955.000000	3178.000000	3089.000000	2683.000000	2524.000000	2247.000000	2302.000000	2062.000000	2000.000000	1664.000000	1421.000000	1487.000000	1300.000000	1432.000000	1204.000000	1404.000000	1503.000000	1500.000000	1703.000000	1803.000000	1903.000000	1800.000000	2002.000000	2102.000000	2220.000000	2319.000000	2302.000000	2300.000000	2602.000000	2600.000000	2802.000000	3413.000000	
